Time,Open,High,Low,adj_close,Close,Volume
2018-08-19 21:00:00,1.14395,1.14853,1.13946,1.14825,1.14825,38513
2018-08-20 21:00:00,1.14812,1.16015,1.1481,1.15707,1.15707,58070
2018-08-21 21:00:00,1.15712,1.1623,1.15532,1.15964,1.15964,49474
2018-08-22 21:00:00,1.15944,1.16002,1.15299,1.15416,1.15416,49313
2018-08-23 21:00:00,1.15375,1.16402,1.15346,1.1622,1.1622,52689
2018-08-26 21:00:00,1.16154,1.1694,1.15947,1.16783,1.16783,41573
2018-08-27 21:00:00,1.1679,1.17337,1.16623,1.16948,1.16948,46904
2018-08-28 21:00:00,1.1696,1.17098,1.16521,1.17074,1.17074,52113
2018-08-29 21:00:00,1.1706,1.17185,1.16416,1.16682,1.16682,51517
2018-08-30 21:00:00,1.16666,1.16912,1.15844,1.16019,1.16019,64060
2018-09-02 21:00:00,1.15982,1.16279,1.15894,1.16204,1.16204,34705
2018-09-03 21:00:00,1.16198,1.16214,1.15302,1.1583,1.1583,46399
2018-09-04 21:00:00,1.15806,1.1641,1.15432,1.16308,1.16308,55753
2018-09-05 21:00:00,1.16308,1.16594,1.16054,1.16234,1.16234,51070
2018-09-06 21:00:00,1.16216,1.16496,1.15505,1.15521,1.15521,62733
2018-09-09 21:00:00,1.15477,1.16164,1.1526,1.15938,1.15938,36646
2018-09-10 21:00:00,1.15952,1.1644,1.15656,1.16044,1.16044,41155
2018-09-11 21:00:00,1.16065,1.165,1.15702,1.1627,1.1627,45271
2018-09-12 21:00:00,1.16267,1.17012,1.1609,1.16901,1.16901,45321
2018-09-13 21:00:00,1.16901,1.17218,1.16207,1.1625,1.1625,43526
2018-09-16 21:00:00,1.1626,1.1698,1.16178,1.16838,1.16838,31421
2018-09-17 21:00:00,1.16851,1.17248,1.1652,1.16676,1.16676,50868
2018-09-18 21:00:00,1.16654,1.17152,1.165,1.16718,1.16718,44841
2018-09-19 21:00:00,1.16738,1.17846,1.16688,1.17776,1.17776,54279
2018-09-20 21:00:00,1.17776,1.1803,1.17331,1.17482,1.17482,48982
2018-09-23 21:00:00,1.17457,1.18151,1.1724,1.1747,1.1747,40595
2018-09-24 21:00:00,1.1749,1.17926,1.17308,1.17666,1.17666,41864
2018-09-25 21:00:00,1.1766,1.17976,1.17258,1.17409,1.17409,57517
2018-09-26 21:00:00,1.17386,1.17572,1.1639,1.1641,1.1641,61026
2018-09-27 21:00:00,1.1641,1.16514,1.15698,1.16027,1.16027,50533
2018-09-30 21:00:00,1.16182,1.16253,1.15634,1.1578,1.1578,41330
2018-10-01 21:00:00,1.15792,1.15808,1.15052,1.15493,1.15493,46326
2018-10-02 21:00:00,1.15496,1.1594,1.1464,1.14786,1.14786,63248
2018-10-03 21:00:00,1.14736,1.1543,1.14636,1.15141,1.15141,54718
2018-10-04 21:00:00,1.1516,1.15502,1.14838,1.15221,1.15221,58505
2018-10-07 21:00:00,1.15231,1.15298,1.146,1.14916,1.14916,37216
2018-10-08 21:00:00,1.14879,1.15035,1.14322,1.1492,1.1492,57076
2018-10-09 21:00:00,1.14904,1.15451,1.14798,1.1521,1.1521,55116
2018-10-10 21:00:00,1.15219,1.15996,1.15201,1.15936,1.15936,84171
2018-10-11 21:00:00,1.15873,1.16106,1.15344,1.15597,1.15597,54772
2018-10-14 21:00:00,1.15404,1.16064,1.15397,1.15788,1.15788,44618
2018-10-15 21:00:00,1.15795,1.16216,1.15658,1.15747,1.15747,44825
2018-10-16 21:00:00,1.15734,1.15802,1.14962,1.15,1.15,53878
2018-10-17 21:00:00,1.15014,1.15272,1.14496,1.14526,1.14526,59044
2018-10-18 21:00:00,1.14538,1.15348,1.14332,1.15142,1.15142,62675
2018-10-21 21:00:00,1.15164,1.15503,1.14558,1.14647,1.14647,47072
2018-10-22 21:00:00,1.14647,1.14898,1.14396,1.14721,1.14721,55514
2018-10-23 21:00:00,1.14728,1.1477,1.13786,1.13914,1.13914,64946
2018-10-24 21:00:00,1.13926,1.14328,1.13561,1.13748,1.13748,60657
2018-10-25 21:00:00,1.13741,1.14208,1.13357,1.14033,1.14033,62251
2018-10-28 21:00:00,1.13934,1.14165,1.13607,1.13732,1.13732,53323
2018-10-29 21:00:00,1.13732,1.13878,1.13404,1.13452,1.13452,47796
2018-10-30 21:00:00,1.13442,1.13604,1.1302,1.13117,1.13117,56138
2018-10-31 21:00:00,1.13114,1.14244,1.13078,1.14088,1.14088,58126
2018-11-01 21:00:00,1.14078,1.14562,1.1372,1.13875,1.13875,66612
2018-11-04 22:00:00,1.13883,1.14242,1.13534,1.14066,1.14066,45338
2018-11-05 22:00:00,1.14062,1.14381,1.13916,1.14268,1.14268,43197
2018-11-06 22:00:00,1.1427,1.15004,1.13951,1.14254,1.14254,84820
2018-11-07 22:00:00,1.14266,1.1447,1.13515,1.13631,1.13631,60403
2018-11-08 22:00:00,1.13643,1.13694,1.1316,1.13371,1.13371,58738
2018-11-11 22:00:00,1.13232,1.13314,1.12155,1.12173,1.12173,56937
2018-11-12 22:00:00,1.12184,1.1294,1.12164,1.12907,1.12907,66773
2018-11-13 22:00:00,1.12898,1.1348,1.12632,1.13094,1.13094,88609
2018-11-14 22:00:00,1.13084,1.13627,1.12706,1.13288,1.13288,88462
2018-11-15 22:00:00,1.13248,1.14207,1.13216,1.14184,1.14184,63116
2018-11-18 22:00:00,1.14138,1.14649,1.1394,1.14526,1.14526,42887
2018-11-19 22:00:00,1.14558,1.14722,1.13586,1.13705,1.13705,53042
2018-11-20 22:00:00,1.13676,1.14251,1.13654,1.13852,1.13852,49349
2018-11-21 22:00:00,1.13833,1.14338,1.1381,1.14013,1.14013,41194
2018-11-22 22:00:00,1.14042,1.14212,1.13276,1.13359,1.13359,43358
2018-11-25 22:00:00,1.13406,1.13834,1.1325,1.13276,1.13276,44249
2018-11-26 22:00:00,1.13271,1.1344,1.12774,1.12933,1.12933,54367
2018-11-27 22:00:00,1.12904,1.1388,1.12674,1.13667,1.13667,62236
2018-11-28 22:00:00,1.13685,1.14018,1.13492,1.1393,1.1393,51516
2018-11-29 22:00:00,1.13867,1.14006,1.13054,1.13159,1.13159,46504
2018-12-02 22:00:00,1.1352,1.13796,1.13193,1.13544,1.13544,48806
2018-12-03 22:00:00,1.13537,1.14187,1.13186,1.13433,1.13433,60446
2018-12-04 22:00:00,1.13438,1.13614,1.1311,1.13444,1.13444,37483
2018-12-05 22:00:00,1.13448,1.14125,1.13212,1.13768,1.13768,74113
2018-12-06 22:00:00,1.13739,1.14239,1.13603,1.13795,1.13795,65511
2018-12-09 22:00:00,1.13922,1.14428,1.13506,1.13552,1.13552,68420
2018-12-10 22:00:00,1.13544,1.14007,1.13062,1.1318,1.1318,56356
2018-12-11 22:00:00,1.13164,1.13876,1.13148,1.13687,1.13687,62390
2018-12-12 22:00:00,1.13695,1.13935,1.13312,1.13576,1.13576,58567
2018-12-13 22:00:00,1.13612,1.1367,1.12701,1.13052,1.13052,52626
2018-12-16 22:00:00,1.13028,1.13579,1.12998,1.13476,1.13476,23879
2018-12-17 22:00:00,1.13476,1.14024,1.1337,1.1363,1.1363,26001
2018-12-18 22:00:00,1.13652,1.14392,1.13618,1.13772,1.13772,41716
2018-12-19 22:00:00,1.13758,1.14856,1.13696,1.14456,1.14456,41035
2018-12-20 22:00:00,1.14475,1.14742,1.13561,1.13718,1.13718,35475
2018-12-23 22:00:00,1.13728,1.14386,1.13614,1.14067,1.14067,37197
2018-12-25 22:00:00,1.14067,1.14202,1.13432,1.13522,1.13522,27378
2018-12-26 22:00:00,1.13536,1.14542,1.13524,1.14306,1.14306,40601
2018-12-27 22:00:00,1.14296,1.14728,1.14274,1.14448,1.14448,32071
2018-12-30 22:00:00,1.14372,1.14682,1.14216,1.14649,1.14649,25151
2019-01-01 22:00:00,1.14649,1.1497,1.1325,1.13447,1.13447,35508
2019-01-02 22:00:00,1.13431,1.14112,1.13091,1.13942,1.13942,54135
2019-01-03 22:00:00,1.1393,1.1419,1.13458,1.13951,1.13951,41022
2019-01-06 22:00:00,1.13974,1.14827,1.13972,1.14748,1.14748,25648
2019-01-07 22:00:00,1.14773,1.14848,1.14219,1.14417,1.14417,25474
2019-01-08 22:00:00,1.14417,1.15584,1.14364,1.15426,1.15426,39158
2019-01-09 22:00:00,1.1542,1.15702,1.14846,1.15002,1.15002,32717
2019-01-10 22:00:00,1.14996,1.15406,1.14582,1.14687,1.14687,31499
2019-01-13 22:00:00,1.14609,1.1482,1.14508,1.14684,1.14684,25568
2019-01-14 22:00:00,1.14684,1.14898,1.13822,1.1413,1.1413,37543
2019-01-15 22:00:00,1.14114,1.14248,1.13779,1.13914,1.13914,25310
2019-01-16 22:00:00,1.1394,1.1406,1.13702,1.13892,1.13892,25488
2019-01-17 22:00:00,1.13884,1.14104,1.13532,1.1362,1.1362,22898
2019-01-20 22:00:00,1.13616,1.13914,1.13569,1.13658,1.13658,17356
2019-01-21 22:00:00,1.13672,1.13738,1.1336,1.13596,1.13596,20469
2019-01-22 22:00:00,1.13606,1.13946,1.13508,1.13807,1.13807,20044
2019-01-23 22:00:00,1.13811,1.13915,1.12894,1.1305,1.1305,39217
2019-01-24 22:00:00,1.13034,1.14176,1.13004,1.14057,1.14057,31133
2019-01-27 22:00:00,1.14016,1.14439,1.13904,1.14262,1.14262,20895
2019-01-28 22:00:00,1.14292,1.14502,1.14113,1.14328,1.14328,26093
2019-01-29 22:00:00,1.14318,1.15018,1.14063,1.148,1.148,29910
2019-01-30 22:00:00,1.148,1.15144,1.1436,1.14474,1.14474,23932
2019-01-31 22:00:00,1.14478,1.14884,1.14345,1.14562,1.14562,20845
2019-02-03 22:00:00,1.14521,1.14603,1.14244,1.14376,1.14376,14438
2019-02-04 22:00:00,1.14376,1.14404,1.14011,1.14042,1.14042,14734
2019-02-05 22:00:00,1.1405,1.14096,1.13608,1.13618,1.13618,14020
2019-02-06 22:00:00,1.13638,1.13689,1.13247,1.13394,1.13394,14822
2019-02-07 22:00:00,1.13402,1.13509,1.13212,1.13224,1.13224,12190
2019-02-10 22:00:00,1.13202,1.133,1.12674,1.12756,1.12756,13044
2019-02-11 22:00:00,1.12767,1.13397,1.12578,1.1326,1.1326,12874
2019-02-12 22:00:00,1.13264,1.13415,1.12602,1.12607,1.12607,15439
2019-02-13 22:00:00,1.12602,1.13097,1.12493,1.12954,1.12954,21092
2019-02-14 22:00:00,1.12948,1.13061,1.12343,1.12946,1.12946,17353
2019-02-17 22:00:00,1.12926,1.13338,1.12896,1.13106,1.13106,9514
2019-02-18 22:00:00,1.13118,1.13576,1.12756,1.13406,1.13406,17461
2019-02-19 22:00:00,1.13419,1.13712,1.1325,1.1337,1.1337,18772
2019-02-20 22:00:00,1.13378,1.13664,1.13204,1.13343,1.13343,21729
2019-02-21 22:00:00,1.13385,1.13556,1.13162,1.13342,1.13342,14898
2019-02-24 22:00:00,1.13359,1.13675,1.13286,1.13574,1.13574,13830
2019-02-25 22:00:00,1.13616,1.14028,1.13453,1.13892,1.13892,17286
2019-02-26 22:00:00,1.13894,1.14036,1.13624,1.13695,1.13695,16900
2019-02-27 22:00:00,1.13673,1.14197,1.13596,1.13706,1.13706,20344
2019-02-28 22:00:00,1.13706,1.14086,1.13532,1.13648,1.13648,17278
2019-03-03 22:00:00,1.13828,1.13831,1.13092,1.13398,1.13398,13541
2019-03-04 22:00:00,1.13396,1.13412,1.12896,1.13078,1.13078,15716
2019-03-05 22:00:00,1.13078,1.13246,1.12854,1.13066,1.13066,14393
2019-03-06 22:00:00,1.13072,1.13202,1.11764,1.1194,1.1194,25478
2019-03-07 22:00:00,1.11937,1.12461,1.11854,1.12347,1.12347,19054
2019-03-10 21:00:00,1.12336,1.12586,1.12218,1.1245,1.1245,13375
2019-03-11 21:00:00,1.12452,1.1305,1.12452,1.12874,1.12874,20105
2019-03-12 21:00:00,1.12864,1.13387,1.12776,1.13278,1.13278,14718
2019-03-13 21:00:00,1.13296,1.13376,1.12942,1.13044,1.13044,16036
2019-03-14 21:00:00,1.13032,1.13444,1.12998,1.1325,1.1325,12998
2019-03-17 21:00:00,1.13226,1.13588,1.13194,1.13394,1.13394,10656
2019-03-18 21:00:00,1.13354,1.13616,1.13338,1.13507,1.13507,10636
2019-03-19 21:00:00,1.13521,1.14482,1.13358,1.14128,1.14128,19452
2019-03-20 21:00:00,1.14128,1.14376,1.13428,1.13754,1.13754,19644
2019-03-21 21:00:00,1.13749,1.13906,1.12736,1.13014,1.13014,25251
2019-03-24 21:00:00,1.1293,1.13314,1.12892,1.13128,1.13128,15789
2019-03-25 21:00:00,1.13108,1.13259,1.12634,1.12656,1.12656,16060
2019-03-26 21:00:00,1.1265,1.12856,1.12423,1.1244,1.1244,21214
2019-03-27 21:00:00,1.12452,1.12612,1.12137,1.1224,1.1224,20207
2019-03-28 21:00:00,1.12217,1.12466,1.121,1.12178,1.12178,19942
2019-03-31 21:00:00,1.12296,1.12498,1.12041,1.12128,1.12128,16328
2019-04-01 21:00:00,1.12125,1.12161,1.11839,1.12044,1.12044,13928
2019-04-02 21:00:00,1.12042,1.12546,1.1201,1.1233,1.1233,13767
2019-04-03 21:00:00,1.1233,1.12478,1.12061,1.12206,1.12206,11388
2019-04-04 21:00:00,1.12197,1.12464,1.12103,1.12162,1.12162,11740
2019-04-07 21:00:00,1.12176,1.12746,1.12144,1.12611,1.12611,9177
2019-04-08 21:00:00,1.12629,1.12842,1.12553,1.12627,1.12627,11146
2019-04-09 21:00:00,1.12627,1.12876,1.12298,1.12737,1.12737,15079
2019-04-10 21:00:00,1.12734,1.12874,1.125,1.12541,1.12541,10608
2019-04-11 21:00:00,1.12536,1.13239,1.12536,1.12988,1.12988,12464
2019-04-14 21:00:00,1.13046,1.1321,1.12976,1.13044,1.13044,9631
2019-04-15 21:00:00,1.13042,1.1314,1.12796,1.12808,1.12808,14524
2019-04-16 21:00:00,1.12828,1.13237,1.12788,1.1298,1.1298,12141
2019-04-17 21:00:00,1.12962,1.13042,1.12263,1.12306,1.12306,16438
2019-04-18 21:00:00,1.1231,1.12477,1.1229,1.12452,1.12452,3379
2019-04-21 21:00:00,1.12447,1.1262,1.1236,1.12572,1.12572,4239
2019-04-22 21:00:00,1.12572,1.12612,1.11924,1.12272,1.12272,11482
2019-04-23 21:00:00,1.12268,1.12268,1.11406,1.11538,1.11538,18309
2019-04-24 21:00:00,1.11538,1.11625,1.11184,1.1132,1.1132,15505
2019-04-25 21:00:00,1.1132,1.11739,1.11115,1.11472,1.11472,17895
2019-04-28 21:00:00,1.11465,1.11868,1.11452,1.11852,1.11852,9923
2019-04-29 21:00:00,1.11854,1.12292,1.1176,1.12151,1.12151,15722
2019-04-30 21:00:00,1.12151,1.12649,1.11873,1.11949,1.11949,19826
2019-05-01 21:00:00,1.11962,1.12191,1.1171,1.11726,1.11726,14734
2019-05-02 21:00:00,1.11722,1.12048,1.11354,1.12013,1.12013,18001
2019-05-05 21:00:00,1.11738,1.12093,1.11708,1.11994,1.11994,14192
2019-05-06 21:00:00,1.12004,1.1218,1.11666,1.11917,1.11917,16102
2019-05-07 21:00:00,1.11912,1.12136,1.11829,1.11921,1.11921,18556
2019-05-08 21:00:00,1.11914,1.1251,1.11736,1.12132,1.12132,21220
2019-05-09 21:00:00,1.12168,1.12536,1.12142,1.12336,1.12336,17069
2019-05-12 21:00:00,1.12348,1.12636,1.12222,1.12231,1.12231,14941
2019-05-13 21:00:00,1.12227,1.12438,1.12012,1.1204,1.1204,12471
2019-05-14 21:00:00,1.1204,1.12246,1.1178,1.12017,1.12017,15907
2019-05-15 21:00:00,1.12017,1.1224,1.11664,1.11736,1.11736,12018
2019-05-16 21:00:00,1.11747,1.11843,1.11553,1.11574,1.11574,13348
2019-05-19 21:00:00,1.1161,1.11748,1.11508,1.11659,1.11659,9247
2019-05-20 21:00:00,1.11664,1.1188,1.1142,1.11613,1.11613,12979
2019-05-21 21:00:00,1.11606,1.11802,1.11488,1.11507,1.11507,9933
2019-05-22 21:00:00,1.11507,1.11876,1.11072,1.11818,1.11818,16500
2019-05-23 21:00:00,1.11812,1.12121,1.11737,1.12038,1.12038,11407
2019-05-26 21:00:00,1.12099,1.12152,1.11872,1.11932,1.11932,4665
2019-05-27 21:00:00,1.11932,1.11984,1.11594,1.11602,1.11602,11949
2019-05-28 21:00:00,1.11608,1.11724,1.11244,1.1131,1.1131,13410
2019-05-29 21:00:00,1.11322,1.11433,1.11162,1.11292,1.11292,10043
2019-05-30 21:00:00,1.11292,1.11797,1.11252,1.11688,1.11688,17523
2019-06-02 21:00:00,1.11664,1.1262,1.11603,1.12416,1.12416,17768
2019-06-03 21:00:00,1.12416,1.12774,1.12265,1.1252,1.1252,21230
2019-06-04 21:00:00,1.12514,1.13068,1.12198,1.1221,1.1221,24598
2019-06-05 21:00:00,1.1222,1.1309,1.12018,1.12754,1.12754,27366
2019-06-06 21:00:00,1.1278,1.13478,1.12514,1.13333,1.13333,21464
2019-06-09 21:00:00,1.13213,1.13311,1.12901,1.13116,1.13116,12089
2019-06-10 21:00:00,1.13119,1.13376,1.13013,1.1326,1.1326,15691
2019-06-11 21:00:00,1.1327,1.13434,1.12825,1.12874,1.12874,16707
2019-06-12 21:00:00,1.12878,1.13036,1.12686,1.12764,1.12764,12847
2019-06-13 21:00:00,1.12772,1.12892,1.12025,1.12096,1.12096,17189
2019-06-16 21:00:00,1.12108,1.1247,1.12039,1.1218,1.1218,10145
2019-06-17 21:00:00,1.12186,1.12428,1.11816,1.11942,1.11942,24577
2019-06-18 21:00:00,1.11936,1.1254,1.11873,1.12262,1.12262,23981
2019-06-19 21:00:00,1.12264,1.13174,1.12264,1.12916,1.12916,23056
2019-06-20 21:00:00,1.12931,1.13778,1.12831,1.13688,1.13688,22908
2019-06-23 21:00:00,1.13719,1.14041,1.13672,1.13988,1.13988,14734
2019-06-24 21:00:00,1.13984,1.14122,1.13442,1.13672,1.13672,24429
2019-06-25 21:00:00,1.13672,1.13914,1.13476,1.13686,1.13686,18436
2019-06-26 21:00:00,1.1369,1.13815,1.13479,1.13694,1.13694,16530
2019-06-27 21:00:00,1.13688,1.13935,1.13508,1.13721,1.13721,15968
2019-06-30 21:00:00,1.13614,1.13711,1.12812,1.12856,1.12856,18780
2019-07-01 21:00:00,1.12856,1.13214,1.12752,1.1286,1.1286,15567
2019-07-02 21:00:00,1.1286,1.13123,1.12689,1.1277,1.1277,14593
2019-07-03 21:00:00,1.1278,1.12952,1.12733,1.12847,1.12847,5731
2019-07-04 21:00:00,1.12841,1.12878,1.12076,1.12255,1.12255,15161
2019-07-07 21:00:00,1.12248,1.12344,1.12071,1.12144,1.12144,9091
2019-07-08 21:00:00,1.12144,1.12188,1.11935,1.12078,1.12078,9269
2019-07-09 21:00:00,1.12075,1.12643,1.1202,1.12505,1.12505,16374
2019-07-10 21:00:00,1.12516,1.12858,1.12454,1.12537,1.12537,16576
2019-07-11 21:00:00,1.12542,1.1275,1.12382,1.12706,1.12706,12671
2019-07-14 21:00:00,1.12705,1.12839,1.12532,1.12578,1.12578,9183
2019-07-15 21:00:00,1.12578,1.12635,1.1202,1.12102,1.12102,12021
2019-07-16 21:00:00,1.12105,1.12336,1.11998,1.12242,1.12242,9253
2019-07-17 21:00:00,1.12246,1.12804,1.12052,1.1277,1.1277,17359
2019-07-18 21:00:00,1.1277,1.12821,1.12036,1.12206,1.12206,16321
2019-07-21 21:00:00,1.12175,1.12254,1.12063,1.12089,1.12089,9204
2019-07-22 21:00:00,1.12094,1.12096,1.1146,1.11515,1.11515,10182
2019-07-23 21:00:00,1.11518,1.11558,1.1127,1.11394,1.11394,12158
2019-07-24 21:00:00,1.11409,1.11877,1.11014,1.11474,1.11474,25335
2019-07-25 21:00:00,1.11463,1.11512,1.1112,1.1128,1.1128,12091
2019-07-28 21:00:00,1.11252,1.11508,1.1113,1.11452,1.11452,8828
2019-07-29 21:00:00,1.1145,1.11612,1.11321,1.11557,1.11557,11922
2019-07-30 21:00:00,1.11552,1.1162,1.10604,1.10766,1.10766,29431
2019-07-31 21:00:00,1.10766,1.10958,1.1027,1.1085,1.1085,29981
2019-08-01 21:00:00,1.10831,1.11164,1.10698,1.11084,1.11084,29253
2019-08-04 21:00:00,1.11045,1.12132,1.11045,1.1203,1.1203,24695
2019-08-05 21:00:00,1.12048,1.12496,1.11676,1.12018,1.12018,23369
2019-08-06 21:00:00,1.12004,1.12418,1.11795,1.1199,1.1199,28877
2019-08-07 21:00:00,1.11985,1.12313,1.11773,1.11796,1.11796,23272
2019-08-08 21:00:00,1.11837,1.12231,1.11803,1.12001,1.12001,16422
2019-08-11 21:00:00,1.1198,1.12308,1.1162,1.12138,1.12138,15039
2019-08-12 21:00:00,1.1213,1.12285,1.117,1.11716,1.11716,24507
2019-08-13 21:00:00,1.11712,1.11908,1.11307,1.11392,1.11392,18516
2019-08-14 21:00:00,1.11392,1.11584,1.10914,1.11099,1.11099,24309
2019-08-15 21:00:00,1.11055,1.11123,1.10665,1.10904,1.10904,15586
2019-08-18 21:00:00,1.10942,1.11139,1.10764,1.10782,1.10782,10531
2019-08-18 21:00:00,1.10942,1.11139,1.10764,1.10782,1.10782,10531
2019-08-19 21:00:00,1.10784,1.11068,1.10657,1.11008,1.11008,11445
2019-08-20 21:00:00,1.10998,1.11072,1.10809,1.10845,1.10845,9898
2019-08-21 21:00:00,1.10858,1.11132,1.10637,1.10796,1.10796,16385
2019-08-22 21:00:00,1.10816,1.11532,1.10518,1.11434,1.11434,23247
2019-08-25 21:00:00,1.11522,1.11641,1.10944,1.11002,1.11002,25073
2019-08-26 21:00:00,1.11026,1.1116,1.10858,1.10902,1.10902,14568
2019-08-27 21:00:00,1.10909,1.10981,1.10732,1.10777,1.10777,13132
2019-08-28 21:00:00,1.10782,1.10925,1.1042,1.10568,1.10568,15819
2019-08-29 21:00:00,1.10568,1.10604,1.09632,1.09905,1.09905,17510
2019-09-01 21:00:00,1.09894,1.09968,1.0958,1.09698,1.09698,8477
2019-09-02 21:00:00,1.09698,1.09788,1.09262,1.09739,1.09739,18915
2019-09-03 21:00:00,1.09729,1.10383,1.09688,1.10348,1.10348,15373
2019-09-04 21:00:00,1.10352,1.10848,1.10167,1.10346,1.10346,16970
2019-09-05 21:00:00,1.10346,1.10574,1.10204,1.10279,1.10279,16916
2019-09-08 21:00:00,1.10256,1.1068,1.10156,1.10472,1.10472,12563
2019-09-09 21:00:00,1.10472,1.10594,1.10306,1.10431,1.10431,12412
2019-09-10 21:00:00,1.10445,1.10556,1.09854,1.10104,1.10104,12452
2019-09-11 21:00:00,1.10096,1.10873,1.09268,1.10638,1.10638,39606
2019-09-12 21:00:00,1.10663,1.11096,1.10556,1.10743,1.10743,18456
2019-09-15 21:00:00,1.10748,1.10864,1.09937,1.10033,1.10033,16309
2019-09-16 21:00:00,1.10006,1.10746,1.09903,1.10724,1.10724,18085
2019-09-17 21:00:00,1.10718,1.10756,1.10139,1.10297,1.10297,20571
2019-09-18 21:00:00,1.1029,1.10734,1.10229,1.10408,1.10408,16625
2019-09-19 21:00:00,1.10413,1.10676,1.09964,1.10182,1.10182,15976
2019-09-22 21:00:00,1.10163,1.10255,1.09662,1.09932,1.09932,16908
2019-09-23 21:00:00,1.09937,1.10242,1.09839,1.102,1.102,15810
2019-09-24 21:00:00,1.10205,1.10222,1.09376,1.09431,1.09431,15524
2019-09-25 21:00:00,1.09431,1.09675,1.09088,1.09204,1.09204,16506
2019-09-26 21:00:00,1.09194,1.09587,1.09048,1.09404,1.09404,15818
2019-09-27 21:00:00,1.0941,1.0941,1.0941,1.0941,1.0941,1
2019-09-29 21:00:00,1.0942,1.0948,1.08847,1.08986,1.08986,14130
2019-09-30 21:00:00,1.09002,1.09429,1.08792,1.09323,1.09323,25516
2019-10-01 21:00:00,1.09336,1.09638,1.09042,1.0959,1.0959,14783
2019-10-02 21:00:00,1.09602,1.09994,1.09411,1.09634,1.09634,18688
2019-10-03 21:00:00,1.0965,1.09982,1.09572,1.09782,1.09782,17610
2019-10-06 21:00:00,1.09824,1.10004,1.0962,1.09708,1.09708,12090
2019-10-07 21:00:00,1.09708,1.09962,1.0941,1.0956,1.0956,18019
2019-10-08 21:00:00,1.0956,1.09902,1.0953,1.09701,1.09701,12214
2019-10-09 21:00:00,1.09717,1.10338,1.09713,1.1005,1.1005,20404
2019-10-10 21:00:00,1.10054,1.10628,1.10008,1.10384,1.10384,24920
2019-10-13 21:00:00,1.1033,1.10428,1.10127,1.10268,1.10268,11575
2019-10-14 21:00:00,1.10278,1.10461,1.09914,1.10323,1.10323,21223
2019-10-15 21:00:00,1.10305,1.10858,1.10224,1.10716,1.10716,23068
2019-10-16 21:00:00,1.10728,1.11399,1.10651,1.11244,1.11244,21632
2019-10-17 21:00:00,1.11244,1.11724,1.11148,1.11708,1.11708,13176
2019-10-20 21:00:00,1.11708,1.11794,1.11386,1.11497,1.11497,10038
2019-10-21 21:00:00,1.11494,1.11569,1.11178,1.11252,1.11252,14160
2019-10-22 21:00:00,1.11252,1.11404,1.11061,1.11309,1.11309,9737
2019-10-23 21:00:00,1.11314,1.11628,1.10931,1.11046,1.11046,16393
2019-10-24 21:00:00,1.11052,1.1123,1.1073,1.10795,1.10795,8795
2019-10-27 21:00:00,1.10804,1.11066,1.10764,1.10997,1.10997,8160
2019-10-28 21:00:00,1.10994,1.11185,1.10737,1.11113,1.11113,10538
2019-10-29 21:00:00,1.11117,1.11516,1.10801,1.11503,1.11503,18842
2019-10-30 21:00:00,1.11499,1.11756,1.11317,1.11514,1.11514,17347
2019-10-31 21:00:00,1.11514,1.11718,1.11282,1.11654,1.11654,14603
2019-11-03 22:00:00,1.11692,1.11756,1.11248,1.11282,1.11282,10780
2019-11-04 22:00:00,1.11282,1.11403,1.10637,1.10742,1.10742,15313
2019-11-05 22:00:00,1.10744,1.10928,1.10651,1.10664,1.10664,10889
2019-11-06 22:00:00,1.1068,1.10917,1.1036,1.10498,1.10498,17423
2019-11-07 22:00:00,1.10494,1.10555,1.10168,1.10192,1.10192,11193
2019-11-10 22:00:00,1.10246,1.1043,1.10164,1.10332,1.10332,7152
2019-11-11 22:00:00,1.10332,1.10386,1.10026,1.1009,1.1009,10506
2019-11-12 22:00:00,1.10092,1.10204,1.09956,1.10068,1.10068,11458
2019-11-13 22:00:00,1.10054,1.10277,1.09891,1.1021,1.1021,10363
2019-11-14 22:00:00,1.1021,1.10569,1.10147,1.10514,1.10514,7957
2019-11-17 22:00:00,1.10517,1.109,1.10502,1.10733,1.10733,8292
2019-11-18 22:00:00,1.10718,1.1084,1.10627,1.10783,1.10783,7294
2019-11-19 22:00:00,1.10776,1.10813,1.10532,1.10724,1.10724,10412
2019-11-20 22:00:00,1.10731,1.1097,1.10522,1.10582,1.10582,9515
2019-11-21 22:00:00,1.10587,1.10876,1.10146,1.10198,1.10198,11765
2019-11-24 22:00:00,1.10176,1.10322,1.10036,1.10115,1.10115,8904
2019-11-25 22:00:00,1.10137,1.10256,1.10072,1.10216,1.10216,9061
2019-11-26 22:00:00,1.10214,1.10246,1.09924,1.09988,1.09988,9158
2019-11-27 22:00:00,1.10044,1.10178,1.10001,1.10091,1.10091,6484
2019-11-28 22:00:00,1.10101,1.10284,1.09812,1.10191,1.10191,7672
2019-12-01 22:00:00,1.10242,1.10898,1.10031,1.10792,1.10792,11033
2019-12-02 22:00:00,1.10792,1.10936,1.1066,1.10822,1.10822,10303
2019-12-03 22:00:00,1.10822,1.11163,1.10668,1.10775,1.10775,13155
2019-12-04 22:00:00,1.1078,1.1108,1.1078,1.1104,1.1104,9141
2019-12-05 22:00:00,1.1104,1.11096,1.104,1.10599,1.10599,10222
2019-12-08 22:00:00,1.10599,1.1078,1.10534,1.10638,1.10638,5884
2019-12-09 22:00:00,1.10642,1.10977,1.10629,1.10932,1.10932,8015
2019-12-10 22:00:00,1.10926,1.11448,1.10704,1.11299,1.11299,11909
2019-12-11 22:00:00,1.11302,1.11544,1.1103,1.11308,1.11308,16882
2019-12-12 22:00:00,1.1154,1.11996,1.11122,1.11209,1.11209,27846
2019-12-15 22:00:00,1.11289,1.1158,1.11229,1.1144,1.1144,10448
2019-12-16 22:00:00,1.11456,1.11746,1.11294,1.11509,1.11509,11699
2019-12-17 22:00:00,1.11503,1.11542,1.11106,1.11138,1.11138,9511
2019-12-18 22:00:00,1.11134,1.11443,1.11074,1.11208,1.11208,11117
2019-12-19 22:00:00,1.11219,1.11252,1.10664,1.10765,1.10765,9282
2019-12-22 22:00:00,1.1081,1.10958,1.107,1.10896,1.10896,8254
2019-12-23 22:00:00,1.10896,1.1094,1.10691,1.10882,1.10882,7187
2019-12-25 22:00:00,1.10882,1.1109,1.10824,1.10966,1.10966,3177
2019-12-26 22:00:00,1.10986,1.11883,1.10964,1.11758,1.11758,12157
2019-12-29 22:00:00,1.11773,1.12208,1.11718,1.11992,1.11992,12912
2019-12-30 22:00:00,1.12012,1.12392,1.1198,1.1212,1.1212,12004
2020-01-01 22:00:00,1.12124,1.12247,1.11636,1.11728,1.11728,12704
2020-01-02 22:00:00,1.11728,1.11799,1.11249,1.11592,1.11592,14490
2020-01-05 22:00:00,1.11665,1.12056,1.11573,1.11972,1.11972,10729
2020-01-06 22:00:00,1.1195,1.11974,1.11336,1.11512,1.11512,13260
2020-01-07 22:00:00,1.11506,1.11684,1.11016,1.11038,1.11038,19074
2020-01-08 22:00:00,1.11052,1.11204,1.10926,1.11062,1.11062,11044
2020-01-09 22:00:00,1.11051,1.1129,1.10851,1.11205,1.11205,11269
2020-01-12 22:00:00,1.11205,1.11472,1.11126,1.11346,1.11346,36632
2020-01-13 22:00:00,1.11351,1.11446,1.11044,1.11274,1.11274,44621
2020-01-14 22:00:00,1.1128,1.11636,1.11184,1.11499,1.11499,38985
2020-01-15 22:00:00,1.11496,1.11726,1.11279,1.11364,1.11364,41949
2020-01-16 22:00:00,1.1137,1.11426,1.10864,1.10902,1.10902,38183
2020-01-19 22:00:00,1.1093,1.11026,1.10766,1.1095,1.1095,22822
2020-01-20 22:00:00,1.10945,1.1118,1.10811,1.10822,1.10822,38986
2020-01-21 22:00:00,1.10867,1.10984,1.10702,1.10936,1.10936,41211
2020-01-22 22:00:00,1.10932,1.11088,1.10364,1.10563,1.10563,58325
2020-01-23 22:00:00,1.10558,1.10618,1.10198,1.10252,1.10252,46040
2020-01-26 22:00:00,1.10342,1.10376,1.10098,1.10188,1.10188,42617
2020-01-27 22:00:00,1.10188,1.10254,1.0998,1.10221,1.10221,37630
2020-01-28 22:00:00,1.10223,1.10277,1.09924,1.10111,1.10111,38930
2020-01-29 22:00:00,1.10106,1.10394,1.10069,1.10316,1.10316,47467
2020-01-30 22:00:00,1.1032,1.10956,1.10171,1.10945,1.10945,51966
2020-02-02 22:00:00,1.10956,1.10956,1.10355,1.10607,1.10607,52067
2020-02-03 22:00:00,1.10602,1.10642,1.1033,1.10444,1.10444,46425
2020-02-04 22:00:00,1.10446,1.1048,1.09937,1.09987,1.09987,50768
2020-02-05 22:00:00,1.09984,1.1014,1.09646,1.09816,1.09816,45243
2020-02-06 22:00:00,1.09822,1.0985,1.0942,1.09463,1.09463,55337
2020-02-09 22:00:00,1.0945,1.09576,1.09078,1.09107,1.09107,39485
2020-02-10 22:00:00,1.09107,1.09249,1.08914,1.09153,1.09153,43638
2020-02-11 22:00:00,1.09154,1.09256,1.08654,1.08734,1.08734,44921
2020-02-12 22:00:00,1.08737,1.08889,1.0834,1.084,1.084,46598
2020-02-13 22:00:00,1.08408,1.08612,1.08273,1.0831,1.0831,40667
2020-02-16 22:00:00,1.0842,1.08511,1.08293,1.08351,1.08351,24244
2020-02-17 22:00:00,1.08355,1.08375,1.07855,1.07916,1.07916,51028
2020-02-18 22:00:00,1.07923,1.08118,1.07822,1.08064,1.08064,46917
2020-02-19 22:00:00,1.08056,1.08212,1.0778,1.07848,1.07848,61577
2020-02-20 22:00:00,1.07848,1.08636,1.07848,1.08474,1.08474,62556
2020-02-23 22:00:00,1.08149,1.08721,1.08051,1.08542,1.08542,81578
2020-02-24 22:00:00,1.08528,1.08904,1.08302,1.08813,1.08813,89605
2020-02-25 22:00:00,1.08813,1.0909,1.08551,1.08804,1.08804,94587
2020-02-26 22:00:00,1.08833,1.10066,1.08791,1.1001,1.1001,120016
2020-02-27 22:00:00,1.09998,1.10532,1.0951,1.10277,1.10277,154999
2020-03-01 22:00:00,1.10446,1.11848,1.10364,1.11327,1.11327,175716
2020-03-02 22:00:00,1.11334,1.12139,1.10954,1.11728,1.11728,168508
2020-03-03 22:00:00,1.11728,1.11876,1.10955,1.11356,1.11356,108592
2020-03-04 22:00:00,1.11362,1.1245,1.11196,1.12362,1.12362,109486
2020-03-05 22:00:00,1.12399,1.13548,1.12116,1.12839,1.12839,197876
2020-03-08 21:00:00,1.1351,1.14963,1.13356,1.144,1.144,237991
2020-03-09 21:00:00,1.144,1.14584,1.12749,1.12808,1.12808,266055
2020-03-10 21:00:00,1.12808,1.13667,1.12575,1.12697,1.12697,200209
2020-03-11 21:00:00,1.12697,1.13338,1.10554,1.11858,1.11858,251527
2020-03-12 21:00:00,1.11858,1.12213,1.1055,1.11054,1.11054,192719
2020-03-15 21:00:00,1.10692,1.12367,1.10692,1.11827,1.11827,259307
2020-03-16 21:00:00,1.11827,1.11894,1.09548,1.0997,1.0997,223099
2020-03-17 21:00:00,1.0997,1.10453,1.08018,1.09158,1.09158,247909
2020-03-18 21:00:00,1.09153,1.09817,1.06551,1.06926,1.06926,302305
2020-03-19 21:00:00,1.06922,1.08312,1.06377,1.06964,1.06964,261510
2020-03-22 21:00:00,1.07077,1.08284,1.0636,1.07264,1.07264,244301
2020-03-23 21:00:00,1.07264,1.0888,1.0723,1.07886,1.07886,181210
2020-03-24 21:00:00,1.07886,1.0894,1.07605,1.08822,1.08822,170729
2020-03-25 21:00:00,1.08822,1.10588,1.08702,1.10325,1.10325,173865
2020-03-26 21:00:00,1.10325,1.11476,1.09536,1.11415,1.11415,169217
2020-03-29 21:00:00,1.11194,1.11448,1.101,1.10464,1.10464,135178
2020-03-30 21:00:00,1.10464,1.10535,1.09267,1.10336,1.10336,173820
2020-03-31 21:00:00,1.10336,1.10387,1.09028,1.09632,1.09632,130418
2020-04-01 21:00:00,1.09632,1.09684,1.08208,1.08576,1.08576,133964
2020-04-02 21:00:00,1.0858,1.08648,1.07728,1.08056,1.08056,110597
2020-04-05 21:00:00,1.0809,1.08356,1.07684,1.0793,1.0793,100143
2020-04-06 21:00:00,1.0793,1.09265,1.07836,1.08918,1.08918,111064
2020-04-07 21:00:00,1.08918,1.09021,1.08301,1.0857,1.0857,98504
2020-04-08 21:00:00,1.0857,1.09518,1.0841,1.09293,1.09293,112281
2020-04-09 21:00:00,1.09293,1.0953,1.09198,1.09357,1.09357,16319
2020-04-12 21:00:00,1.0949,1.09679,1.08926,1.09111,1.09111,59415
2020-04-13 21:00:00,1.09111,1.09872,1.09061,1.0981,1.0981,90557
2020-04-14 21:00:00,1.0981,1.09911,1.08565,1.09106,1.09106,92509
2020-04-15 21:00:00,1.09106,1.09112,1.08168,1.08395,1.08395,99349
2020-04-16 21:00:00,1.08395,1.08925,1.0812,1.08739,1.08739,98481
2020-04-19 21:00:00,1.0871,1.08968,1.08412,1.0863,1.0863,76672
2020-04-20 21:00:00,1.0863,1.08804,1.08165,1.08578,1.08578,94433
2020-04-21 21:00:00,1.08578,1.08854,1.08032,1.08236,1.08236,66606
2020-04-22 21:00:00,1.0823,1.08468,1.07562,1.07777,1.07777,104725
2020-04-23 21:00:00,1.0777,1.08298,1.07272,1.08232,1.08232,85765
2020-04-26 21:00:00,1.08228,1.08604,1.08114,1.08288,1.08288,73064
2020-04-27 21:00:00,1.08288,1.08886,1.08096,1.08201,1.08201,77732
2020-04-28 21:00:00,1.08208,1.08858,1.08189,1.08758,1.08758,83074
2020-04-29 21:00:00,1.08758,1.09725,1.0833,1.0952,1.0952,117964
2020-04-30 21:00:00,1.09548,1.10192,1.09346,1.09794,1.09794,71075
2020-05-03 21:00:00,1.09715,1.09749,1.08958,1.09054,1.09054,79410
2020-05-04 21:00:00,1.09089,1.09258,1.08261,1.08376,1.08376,74242
2020-05-05 21:00:00,1.08435,1.0846,1.0782,1.07956,1.07956,78416
2020-05-06 21:00:00,1.07942,1.08342,1.07667,1.08324,1.08324,89541
2020-05-07 21:00:00,1.08324,1.08755,1.08151,1.08384,1.08384,63094
2020-05-10 21:00:00,1.08323,1.08506,1.08008,1.0807,1.0807,76724
2020-05-11 21:00:00,1.08064,1.08852,1.07845,1.08474,1.08474,80891
2020-05-12 21:00:00,1.08479,1.08965,1.08116,1.08186,1.08186,90827
2020-05-13 21:00:00,1.08186,1.0824,1.0775,1.08046,1.08046,82259
2020-05-14 21:00:00,1.08046,1.0851,1.0789,1.08197,1.08197,80077
2020-05-17 21:00:00,1.08132,1.09271,1.07998,1.0915,1.0915,78142
2020-05-18 21:00:00,1.09153,1.09762,1.09022,1.09234,1.09234,81974
2020-05-19 21:00:00,1.09263,1.09991,1.09191,1.0979,1.0979,73646
2020-05-20 21:00:00,1.09799,1.10085,1.09372,1.09505,1.09505,73792
2020-05-21 21:00:00,1.09505,1.09538,1.08854,1.09024,1.09024,65498
2020-05-24 21:00:00,1.09012,1.09146,1.08706,1.08969,1.08969,34234
2020-05-25 21:00:00,1.08969,1.09959,1.08924,1.09822,1.09822,75745
2020-05-26 21:00:00,1.09827,1.1031,1.09338,1.10091,1.10091,118351
2020-05-27 21:00:00,1.10058,1.10938,1.09917,1.10773,1.10773,106298
2020-05-28 21:00:00,1.10773,1.11454,1.10699,1.11053,1.11053,121545
2020-05-31 21:00:00,1.11053,1.11542,1.11004,1.11345,1.11345,97930
2020-06-01 21:00:00,1.1136,1.11962,1.11154,1.11692,1.11692,117118
2020-06-02 21:00:00,1.11692,1.1258,1.11669,1.12332,1.12332,127219
2020-06-03 21:00:00,1.1234,1.13626,1.11946,1.13364,1.13364,138198
2020-06-04 21:00:00,1.13378,1.13839,1.12784,1.12916,1.12916,126671
2020-06-07 21:00:00,1.12982,1.132,1.12683,1.12942,1.12942,102514
2020-06-08 21:00:00,1.12927,1.13638,1.1241,1.13384,1.13384,116774
2020-06-09 21:00:00,1.13399,1.14224,1.13218,1.13751,1.13751,134159
2020-06-10 21:00:00,1.13751,1.14036,1.12886,1.12981,1.12981,154090
2020-06-11 21:00:00,1.12956,1.13406,1.12126,1.12554,1.12554,152589
2020-06-14 21:00:00,1.12344,1.13327,1.12266,1.13228,1.13228,148242
2020-06-15 21:00:00,1.13246,1.13534,1.12276,1.12632,1.12632,134691
2020-06-16 21:00:00,1.12636,1.12942,1.1207,1.12436,1.12436,121786
2020-06-17 21:00:00,1.12427,1.12615,1.11855,1.12049,1.12049,114201
2020-06-18 21:00:00,1.12049,1.12544,1.11684,1.11776,1.11776,105047
2020-06-21 21:00:00,1.11822,1.127,1.11685,1.12616,1.12616,90943
2020-06-22 21:00:00,1.12625,1.13487,1.12332,1.13088,1.13088,117253
2020-06-23 21:00:00,1.13095,1.1326,1.12483,1.12507,1.12507,111762
2020-06-24 21:00:00,1.12528,1.12598,1.11906,1.1218,1.1218,118208
2020-06-25 21:00:00,1.1218,1.12395,1.11953,1.12184,1.12184,81999
2020-06-28 21:00:00,1.12187,1.12878,1.12176,1.12424,1.12424,84180
2020-06-29 21:00:00,1.12401,1.1262,1.11911,1.12331,1.12331,99725
2020-06-30 21:00:00,1.12343,1.12751,1.11848,1.12514,1.12514,90252
2020-07-01 21:00:00,1.12514,1.13026,1.12234,1.12394,1.12394,90789
2020-07-02 21:00:00,1.12394,1.12518,1.12194,1.12479,1.12479,59036
2020-07-05 21:00:00,1.12473,1.13455,1.12432,1.13094,1.13094,81756
2020-07-06 21:00:00,1.13119,1.13325,1.1259,1.12744,1.12744,92426
2020-07-07 21:00:00,1.12767,1.13516,1.12624,1.13298,1.13298,89549
2020-07-08 21:00:00,1.13298,1.13707,1.12802,1.12852,1.12852,104729
2020-07-09 21:00:00,1.12848,1.13248,1.12548,1.13002,1.13002,81510
2020-07-12 21:00:00,1.13092,1.1375,1.13009,1.13432,1.13432,86512
2020-07-13 21:00:00,1.13432,1.14088,1.13254,1.14,1.14,106478
2020-07-14 21:00:00,1.14018,1.1452,1.1391,1.1412,1.1412,100308
2020-07-15 21:00:00,1.1412,1.14418,1.13705,1.13837,1.13837,102144
2020-07-16 21:00:00,1.13837,1.14438,1.13778,1.14282,1.14282,73024
2020-07-19 21:00:00,1.14138,1.14679,1.14024,1.14474,1.14474,104209
2020-07-20 21:00:00,1.14474,1.15398,1.1423,1.15269,1.15269,111043
2020-07-21 21:00:00,1.15269,1.16016,1.15069,1.15698,1.15698,129890
2020-07-22 21:00:00,1.15684,1.16268,1.15404,1.15963,1.15963,115345
2020-07-23 21:00:00,1.1597,1.16581,1.15812,1.16558,1.16558,115447
2020-07-26 21:00:00,1.1647,1.17814,1.16422,1.17516,1.17516,123653
2020-07-27 21:00:00,1.17516,1.17736,1.16987,1.17161,1.17161,126006
2020-07-28 21:00:00,1.17195,1.18067,1.1714,1.17916,1.17916,121087
2020-07-29 21:00:00,1.17916,1.18484,1.1731,1.18475,1.18475,128163
2020-07-30 21:00:00,1.18475,1.19088,1.17612,1.1779,1.1779,154943
2020-08-02 21:00:00,1.1779,1.17969,1.1696,1.17622,1.17622,112887
2020-08-03 21:00:00,1.17622,1.18064,1.17214,1.18027,1.18027,113901
2020-08-04 21:00:00,1.18013,1.1905,1.1793,1.18638,1.18638,110999
2020-08-05 21:00:00,1.18668,1.1917,1.1818,1.18775,1.18775,129225
2020-08-06 21:00:00,1.18775,1.18833,1.17552,1.1786,1.1786,126613
2020-08-09 21:00:00,1.17934,1.18008,1.17362,1.17368,1.17368,86381
2020-08-10 21:00:00,1.17376,1.1808,1.17222,1.17403,1.17403,122109
2020-08-11 21:00:00,1.17426,1.18172,1.17112,1.17847,1.17847,121309
2020-08-12 21:00:00,1.17832,1.18642,1.17811,1.18142,1.18142,110574
2020-08-13 21:00:00,1.18134,1.18504,1.17817,1.18426,1.18426,98387
2020-08-16 21:00:00,1.18425,1.18811,1.18288,1.18706,1.18706,85623
2020-08-17 21:00:00,1.18722,1.19658,1.18677,1.19312,1.19312,114205
2020-08-17 21:00:00,1.18722,1.19658,1.18677,1.19312,1.19312,114205
2020-08-18 21:00:00,1.19312,1.19529,1.18304,1.18382,1.18382,120845
2020-08-19 21:00:00,1.18376,1.18688,1.18022,1.18601,1.18601,131704
2020-08-20 21:00:00,1.18601,1.1883,1.17542,1.17963,1.17963,117602
2020-08-23 21:00:00,1.17945,1.18496,1.17842,1.17877,1.17877,90166
2020-08-24 21:00:00,1.17923,1.18436,1.17844,1.18344,1.18344,102615
2020-08-25 21:00:00,1.18357,1.18394,1.17723,1.18304,1.18304,99999
2020-08-26 21:00:00,1.18304,1.19021,1.17625,1.18218,1.18218,164072
2020-08-27 21:00:00,1.18218,1.19198,1.18111,1.19046,1.19046,140754
2020-08-30 21:00:00,1.19075,1.1966,1.18841,1.19362,1.19362,113170
2020-08-31 21:00:00,1.19357,1.20114,1.19014,1.19119,1.19119,143155
2020-09-01 21:00:00,1.19134,1.19288,1.18222,1.18551,1.18551,130698
2020-09-02 21:00:00,1.18531,1.18646,1.1789,1.18518,1.18518,133630
2020-09-03 21:00:00,1.18503,1.18654,1.17808,1.18383,1.18383,138709
2020-09-06 21:00:00,1.18475,1.18493,1.18122,1.18136,1.18136,59603
2020-09-07 21:00:00,1.18142,1.18274,1.17655,1.1774,1.1774,135812
2020-09-08 21:00:00,1.17767,1.1834,1.17528,1.18028,1.18028,119455
2020-09-09 21:00:00,1.18023,1.19172,1.17997,1.18145,1.18145,143601
2020-09-10 21:00:00,1.18145,1.18742,1.18145,1.18468,1.18468,96735
2020-09-13 21:00:00,1.18399,1.1888,1.1832,1.18634,1.18634,77146
2020-09-14 21:00:00,1.1863,1.19006,1.18395,1.18468,1.18468,88030
2020-09-15 21:00:00,1.18498,1.18825,1.17878,1.18166,1.18166,121855
2020-09-16 21:00:00,1.18166,1.18525,1.17372,1.18478,1.18478,129265
2020-09-17 21:00:00,1.18478,1.18704,1.18262,1.184,1.184,91778
2020-09-20 21:00:00,1.18423,1.18719,1.17316,1.17709,1.17709,123233
2020-09-21 21:00:00,1.17664,1.17727,1.16916,1.17077,1.17077,127417
2020-09-22 21:00:00,1.17072,1.17191,1.16514,1.16602,1.16602,120646
2020-09-23 21:00:00,1.16602,1.1687,1.16265,1.16673,1.16673,118490
2020-09-24 21:00:00,1.16673,1.16852,1.16124,1.16316,1.16316,101935
2020-09-27 21:00:00,1.1626,1.16802,1.16154,1.16634,1.16634,89041
2020-09-28 21:00:00,1.16634,1.17456,1.16618,1.17434,1.17434,92699
2020-09-29 21:00:00,1.17438,1.17552,1.16845,1.17208,1.17208,116008
2020-09-30 21:00:00,1.17208,1.17698,1.17172,1.1746,1.1746,124490
2020-10-01 21:00:00,1.17475,1.17505,1.16959,1.17167,1.17167,123281
2020-10-04 21:00:00,1.1713,1.17976,1.17057,1.1785,1.1785,80893
2020-10-05 21:00:00,1.1785,1.18078,1.1732,1.1734,1.1734,104266
2020-10-06 21:00:00,1.17338,1.17819,1.17252,1.17645,1.17645,90913
2020-10-07 21:00:00,1.17634,1.17818,1.17328,1.17602,1.17602,75468
2020-10-08 21:00:00,1.17602,1.18314,1.17529,1.18283,1.18283,76464
2020-10-11 21:00:00,1.18127,1.18269,1.17868,1.18127,1.18127,63666
2020-10-12 21:00:00,1.18138,1.18162,1.17306,1.17457,1.17457,81437
2020-10-13 21:00:00,1.17457,1.1771,1.172,1.17462,1.17462,74252
2020-10-14 21:00:00,1.17462,1.1758,1.16886,1.17073,1.17073,88916
2020-10-15 21:00:00,1.17073,1.17462,1.1694,1.17174,1.17174,78070
2020-10-18 21:00:00,1.1721,1.17938,1.17033,1.17704,1.17704,74904
2020-10-19 21:00:00,1.17695,1.18408,1.17599,1.18222,1.18222,75625
2020-10-20 21:00:00,1.18226,1.18808,1.1822,1.18596,1.18596,92413
2020-10-21 21:00:00,1.18589,1.1867,1.18114,1.18186,1.18186,81358
2020-10-22 21:00:00,1.18186,1.1865,1.17868,1.18612,1.18612,78496
2020-10-25 21:00:00,1.18529,1.18605,1.18033,1.18094,1.18094,79272
2020-10-26 21:00:00,1.18094,1.18388,1.17928,1.17954,1.17954,68202
2020-10-27 21:00:00,1.17972,1.17976,1.17178,1.1746,1.1746,100608
2020-10-28 21:00:00,1.1746,1.17589,1.16502,1.16728,1.16728,105722
2020-10-29 21:00:00,1.16745,1.17043,1.164,1.1648,1.1648,98590
2020-11-01 22:00:00,1.16501,1.16558,1.16222,1.16404,1.16404,79365
2020-11-02 22:00:00,1.16387,1.17399,1.16236,1.17196,1.17196,74323
2020-11-03 22:00:00,1.17178,1.17707,1.16027,1.17226,1.17226,196249
2020-11-04 22:00:00,1.17226,1.18598,1.17109,1.18284,1.18284,138191
2020-11-05 22:00:00,1.18254,1.1891,1.17954,1.18737,1.18737,129088
2020-11-08 22:00:00,1.18906,1.19202,1.17955,1.18136,1.18136,177845
2020-11-09 22:00:00,1.18147,1.18434,1.17796,1.18156,1.18156,138626
2020-11-10 22:00:00,1.18153,1.1833,1.17456,1.17783,1.17783,86786
2020-11-11 22:00:00,1.17762,1.18232,1.17587,1.1805,1.1805,91078
2020-11-12 22:00:00,1.1805,1.18375,1.1799,1.18348,1.18348,67607
2020-11-15 22:00:00,1.18421,1.1869,1.18143,1.18531,1.18531,91525
2020-11-16 22:00:00,1.18522,1.18938,1.18426,1.1861,1.1861,76151
2020-11-17 22:00:00,1.1861,1.18912,1.18492,1.18542,1.18542,77663
2020-11-18 22:00:00,1.18558,1.18826,1.18163,1.1874,1.1874,80978
2020-11-19 22:00:00,1.1874,1.18908,1.18498,1.18564,1.18564,69687
2020-11-22 22:00:00,1.18558,1.19062,1.18002,1.18412,1.18412,82920
2020-11-23 22:00:00,1.18412,1.1896,1.18369,1.18924,1.18924,81171
2020-11-24 22:00:00,1.18912,1.19298,1.18819,1.19136,1.19136,94044
2020-11-25 22:00:00,1.19169,1.1941,1.18854,1.19136,1.19136,49768
2020-11-26 22:00:00,1.1913,1.19644,1.19076,1.19634,1.19634,59293
2020-11-29 22:00:00,1.19618,1.20033,1.19232,1.19249,1.19249,92137
2020-11-30 22:00:00,1.19271,1.20766,1.19269,1.20722,1.20722,96983
2020-12-01 22:00:00,1.20705,1.21186,1.204,1.21161,1.21161,102804
2020-12-02 22:00:00,1.21144,1.21746,1.2101,1.21482,1.21482,96215
2020-12-03 22:00:00,1.21461,1.21775,1.21104,1.21218,1.21218,100412
2020-12-06 22:00:00,1.21323,1.21664,1.20786,1.21097,1.21097,95747
2020-12-07 22:00:00,1.21102,1.21341,1.20954,1.2104,1.2104,92325
2020-12-08 22:00:00,1.21033,1.21474,1.20588,1.20814,1.20814,89432
2020-12-09 22:00:00,1.208,1.21591,1.20754,1.21418,1.21418,114310
2020-12-10 22:00:00,1.21388,1.2163,1.21054,1.21122,1.21122,89437
2020-12-13 22:00:00,1.21379,1.21768,1.21157,1.21429,1.21429,78725
2020-12-14 22:00:00,1.21436,1.2169,1.2121,1.21531,1.21531,79511
2020-12-15 22:00:00,1.21522,1.22122,1.21252,1.21998,1.21998,92925
2020-12-16 22:00:00,1.21991,1.22728,1.21901,1.22685,1.22685,82961
2020-12-17 22:00:00,1.22678,1.22719,1.22257,1.22563,1.22563,74964
2020-12-20 22:00:00,1.22221,1.22531,1.21294,1.22443,1.22443,128650
2020-12-21 22:00:00,1.2243,1.22571,1.21523,1.2163,1.2163,92646
2020-12-22 22:00:00,1.2163,1.22211,1.21541,1.21856,1.21856,91687
2020-12-23 22:00:00,1.21873,1.22158,1.21774,1.21849,1.21849,46438
2020-12-27 22:00:00,1.21892,1.22504,1.21812,1.22152,1.22152,73365
2020-12-28 22:00:00,1.22145,1.22752,1.22086,1.22502,1.22502,72839
2020-12-29 22:00:00,1.22508,1.23102,1.22495,1.23,1.23,82647
2020-12-30 22:00:00,1.22979,1.23094,1.22094,1.22156,1.22156,76962
2021-01-03 22:00:00,1.224,1.23098,1.2231,1.22525,1.22525,112731
2021-01-04 22:00:00,1.22525,1.23057,1.2247,1.22986,1.22986,98960
2021-01-05 22:00:00,1.22986,1.23496,1.22656,1.23272,1.23272,146293
2021-01-06 22:00:00,1.23264,1.23444,1.22451,1.22692,1.22692,116355
2021-01-07 22:00:00,1.22729,1.22848,1.2193,1.2221,1.2221,131402
2021-01-10 22:00:00,1.2219,1.22274,1.21322,1.21512,1.21512,104515
2021-01-11 22:00:00,1.21514,1.22098,1.21371,1.22079,1.22079,98206
2021-01-12 22:00:00,1.22072,1.22229,1.21398,1.2158,1.2158,94061
2021-01-13 22:00:00,1.21545,1.21786,1.21112,1.21546,1.21546,104506
2021-01-14 22:00:00,1.21551,1.21626,1.2075,1.20804,1.20804,91612
2021-01-17 22:00:00,1.2084,1.20869,1.20536,1.20773,1.20773,62934
2021-01-18 22:00:00,1.20768,1.2145,1.2074,1.21286,1.21286,80844
2021-01-19 22:00:00,1.21284,1.21583,1.20768,1.21062,1.21062,88416
2021-01-20 22:00:00,1.21059,1.21732,1.21037,1.21676,1.21676,95713
2021-01-21 22:00:00,1.2165,1.21896,1.21516,1.21718,1.21718,85424
2021-01-24 22:00:00,1.21716,1.21834,1.21161,1.21416,1.21416,100047
2021-01-25 22:00:00,1.21416,1.2176,1.21078,1.216,1.216,95546
2021-01-26 22:00:00,1.2162,1.21699,1.20585,1.2112,1.2112,132482
2021-01-27 22:00:00,1.2112,1.21424,1.20808,1.21218,1.21218,134704
2021-01-28 22:00:00,1.21229,1.21561,1.20945,1.21376,1.21376,138233
2021-01-31 22:00:00,1.2131,1.21365,1.20561,1.20602,1.20602,109554
2021-02-01 22:00:00,1.20597,1.20878,1.20116,1.20437,1.20437,102716
2021-02-02 22:00:00,1.20427,1.20502,1.20042,1.20355,1.20355,82243
2021-02-03 22:00:00,1.2036,1.20429,1.19574,1.19624,1.19624,89295
2021-02-04 22:00:00,1.19648,1.20502,1.19524,1.20466,1.20466,90249
2021-02-07 22:00:00,1.20382,1.20661,1.20198,1.20513,1.20513,72560
2021-02-08 22:00:00,1.20492,1.2122,1.20472,1.21186,1.21186,88014
2021-02-09 22:00:00,1.21192,1.2144,1.21088,1.21186,1.21186,87024
2021-02-10 22:00:00,1.21188,1.21496,1.21136,1.21298,1.21298,66382
2021-02-11 22:00:00,1.21287,1.21348,1.20816,1.21204,1.21204,71058
2021-02-14 22:00:00,1.21252,1.21452,1.21168,1.2128,1.2128,47480
2021-02-15 22:00:00,1.21298,1.21696,1.20951,1.21045,1.21045,85863
2021-02-16 22:00:00,1.21069,1.21096,1.20233,1.20412,1.20412,93972
2021-02-17 22:00:00,1.20412,1.20947,1.20357,1.2093,1.2093,82521
2021-02-18 22:00:00,1.20908,1.21445,1.20824,1.21184,1.21184,79900
2021-02-21 22:00:00,1.21173,1.21694,1.20912,1.21581,1.21581,101622
2021-02-22 22:00:00,1.2157,1.218,1.21354,1.21508,1.21508,98920
2021-02-23 22:00:00,1.21496,1.21748,1.21092,1.21708,1.21708,127979
2021-02-24 22:00:00,1.21711,1.22431,1.2156,1.21745,1.21745,167547
2021-02-25 22:00:00,1.21788,1.21838,1.20622,1.20734,1.20734,196555
2021-02-28 22:00:00,1.20713,1.21012,1.20275,1.20497,1.20497,111507
2021-03-01 22:00:00,1.20494,1.20945,1.19918,1.20912,1.20912,107213
2021-03-02 22:00:00,1.20916,1.21134,1.20428,1.20636,1.20636,109433
2021-03-03 22:00:00,1.20648,1.2067,1.19616,1.19723,1.19723,144769
2021-03-04 22:00:00,1.19698,1.19776,1.18934,1.1913,1.1913,166905
2021-03-07 22:00:00,1.19188,1.19324,1.18442,1.1846,1.1846,131711
2021-03-08 22:00:00,1.18488,1.19158,1.18356,1.19016,1.19016,125416
2021-03-09 22:00:00,1.18987,1.19299,1.1869,1.19286,1.19286,114326
2021-03-10 22:00:00,1.1928,1.199,1.19158,1.19856,1.19856,113796
2021-03-11 22:00:00,1.19818,1.19886,1.19099,1.19525,1.19525,109181
2021-03-14 21:00:00,1.19516,1.19674,1.19112,1.19302,1.19302,80722
2021-03-15 21:00:00,1.19262,1.1952,1.18822,1.19027,1.19027,85599
2021-03-16 21:00:00,1.19009,1.19856,1.18862,1.19794,1.19794,92193
2021-03-17 21:00:00,1.19781,1.1989,1.19062,1.1916,1.1916,111991
2021-03-18 21:00:00,1.19124,1.19371,1.18739,1.19042,1.19042,93996
2021-03-21 21:00:00,1.1874,1.1947,1.18676,1.19326,1.19326,75715
2021-03-22 21:00:00,1.19331,1.19409,1.18422,1.18493,1.18493,80960
2021-03-23 21:00:00,1.18483,1.18534,1.18096,1.18128,1.18128,82676
2021-03-24 21:00:00,1.18133,1.18278,1.17618,1.17644,1.17644,91422
2021-03-25 21:00:00,1.1765,1.1805,1.1765,1.17941,1.17941,68830
2021-03-28 21:00:00,1.17941,1.17941,1.17606,1.1765,1.1765,75363
2021-03-29 21:00:00,1.1764,1.17758,1.17114,1.17158,1.17158,71458
2021-03-30 21:00:00,1.17175,1.176,1.17042,1.17308,1.17308,75172
2021-03-31 21:00:00,1.17298,1.178,1.17126,1.17774,1.17774,72282
2021-04-01 21:00:00,1.1777,1.17868,1.17494,1.17602,1.17602,26808
2021-04-04 21:00:00,1.17608,1.18196,1.17376,1.18123,1.18123,40418
2021-04-05 21:00:00,1.18123,1.18778,1.1795,1.18765,1.18765,64843
2021-04-06 21:00:00,1.18758,1.19149,1.18608,1.18718,1.18718,74967
2021-04-07 21:00:00,1.1867,1.19275,1.18608,1.19154,1.19154,65388
2021-04-08 21:00:00,1.1915,1.19202,1.18671,1.18998,1.18998,64612
2021-04-11 21:00:00,1.18906,1.19192,1.18712,1.19114,1.19114,61617
2021-04-12 21:00:00,1.19106,1.1956,1.1878,1.19487,1.19487,83093
2021-04-13 21:00:00,1.1948,1.19874,1.19476,1.1979,1.1979,68077
2021-04-14 21:00:00,1.19785,1.19934,1.19562,1.19665,1.19665,69014
2021-04-15 21:00:00,1.19665,1.1995,1.19506,1.19822,1.19822,59370
2021-04-18 21:00:00,1.19734,1.2048,1.19426,1.20369,1.20369,76983
2021-04-19 21:00:00,1.20382,1.20799,1.20224,1.20364,1.20364,79484
2021-04-20 21:00:00,1.2034,1.20438,1.19985,1.20349,1.20349,64941
2021-04-21 21:00:00,1.2033,1.20698,1.19938,1.20148,1.20148,87596
2021-04-22 21:00:00,1.20156,1.21002,1.20129,1.20968,1.20968,70313
2021-04-25 21:00:00,1.20926,1.2117,1.20612,1.20859,1.20859,69645
2021-04-26 21:00:00,1.20865,1.2093,1.20569,1.20916,1.20916,64353
2021-04-27 21:00:00,1.20898,1.21348,1.20561,1.21258,1.21258,88080
2021-04-28 21:00:00,1.21252,1.215,1.21024,1.21199,1.21199,74689
2021-04-29 21:00:00,1.21199,1.21267,1.20168,1.202,1.202,77540
2021-05-02 21:00:00,1.2033,1.20763,1.20132,1.20638,1.20638,59003
2021-05-03 21:00:00,1.20648,1.20652,1.1999,1.20133,1.20133,79419
2021-05-04 21:00:00,1.20141,1.20266,1.1986,1.20048,1.20048,63852
2021-05-05 21:00:00,1.20038,1.20717,1.19932,1.20653,1.20653,67438
2021-05-06 21:00:00,1.2061,1.21716,1.2053,1.21632,1.21632,96967
2021-05-09 21:00:00,1.2164,1.21789,1.21278,1.21288,1.21288,87108
2021-05-10 21:00:00,1.21293,1.21818,1.2123,1.21483,1.21483,98344
2021-05-11 21:00:00,1.21486,1.21524,1.20656,1.20726,1.20726,128830
2021-05-12 21:00:00,1.20734,1.21062,1.20514,1.2079,1.2079,118939
2021-05-13 21:00:00,1.20806,1.21478,1.2071,1.21457,1.21457,86658
2021-05-16 21:00:00,1.21474,1.2169,1.21262,1.215,1.215,78686
2021-05-17 21:00:00,1.21528,1.2234,1.21508,1.22225,1.22225,81683
2021-05-18 21:00:00,1.22239,1.22454,1.21597,1.21758,1.21758,120899
2021-05-19 21:00:00,1.2169,1.22293,1.2169,1.22286,1.22286,84440
2021-05-20 21:00:00,1.22282,1.22399,1.21608,1.21817,1.21817,94002
2021-05-23 21:00:00,1.21768,1.223,1.21724,1.22166,1.22166,80950
2021-05-24 21:00:00,1.22174,1.22664,1.22116,1.22522,1.22522,96750
2021-05-25 21:00:00,1.22542,1.2263,1.21819,1.21929,1.21929,90665
2021-05-26 21:00:00,1.2192,1.22152,1.21752,1.21941,1.21941,98538
2021-05-27 21:00:00,1.2195,1.2205,1.21326,1.21921,1.21921,95552
2021-05-30 21:00:00,1.2201,1.22314,1.21834,1.22258,1.22258,49436
2021-05-31 21:00:00,1.22258,1.22545,1.22116,1.22138,1.22138,81745
2021-06-01 21:00:00,1.22134,1.22266,1.2164,1.22104,1.22104,84234
2021-06-02 21:00:00,1.22104,1.22142,1.21182,1.21271,1.21271,95659
2021-06-03 21:00:00,1.21273,1.21856,1.2104,1.21668,1.21668,93352
2021-06-06 21:00:00,1.21671,1.22018,1.21449,1.21894,1.21894,64527
2021-06-07 21:00:00,1.21897,1.21944,1.21642,1.2173,1.2173,76503
2021-06-08 21:00:00,1.21728,1.22181,1.21712,1.21794,1.21794,57010
2021-06-09 21:00:00,1.21804,1.21949,1.21433,1.2176,1.2176,105493
2021-06-10 21:00:00,1.21707,1.2193,1.20926,1.2109,1.2109,70556
2021-06-13 21:00:00,1.21088,1.21306,1.20944,1.21202,1.21202,62923
2021-06-14 21:00:00,1.21194,1.21474,1.21014,1.2126,1.2126,69565
2021-06-15 21:00:00,1.21266,1.21348,1.19946,1.19951,1.19951,111528
2021-06-16 21:00:00,1.19955,1.20065,1.18918,1.1907,1.1907,138674
2021-06-17 21:00:00,1.19076,1.19251,1.18474,1.18642,1.18642,142929
2021-06-20 21:00:00,1.18572,1.19214,1.18477,1.19178,1.19178,118752
2021-06-21 21:00:00,1.19187,1.19528,1.18811,1.19412,1.19412,98700
2021-06-22 21:00:00,1.19398,1.19702,1.19116,1.19266,1.19266,93570
2021-06-23 21:00:00,1.19274,1.19564,1.19176,1.19312,1.19312,87693
2021-06-24 21:00:00,1.19317,1.19754,1.19264,1.19361,1.19361,82177
2021-06-27 21:00:00,1.19355,1.19447,1.19024,1.19244,1.19244,82256
2021-06-28 21:00:00,1.19252,1.19304,1.18778,1.18969,1.18969,80291
2021-06-29 21:00:00,1.18974,1.1909,1.18451,1.18566,1.18566,96414
2021-06-30 21:00:00,1.1857,1.18842,1.18374,1.18496,1.18496,90399
2021-07-01 21:00:00,1.18506,1.18743,1.18075,1.18654,1.18654,98165
2021-07-04 21:00:00,1.18665,1.18808,1.18514,1.18637,1.18637,53122
2021-07-05 21:00:00,1.18644,1.18954,1.1807,1.18231,1.18231,106797
2021-07-06 21:00:00,1.1824,1.18361,1.17815,1.17911,1.17911,98452
2021-07-07 21:00:00,1.17908,1.1868,1.17836,1.18461,1.18461,124471
2021-07-08 21:00:00,1.18444,1.18814,1.1825,1.1877,1.1877,83911
2021-07-11 21:00:00,1.1876,1.18802,1.1836,1.18604,1.18604,70121
2021-07-12 21:00:00,1.18602,1.18752,1.17721,1.17763,1.17763,93029
2021-07-13 21:00:00,1.17765,1.18388,1.17719,1.18364,1.18364,85449
2021-07-14 21:00:00,1.18378,1.18508,1.17962,1.18106,1.18106,83599
2021-07-15 21:00:00,1.18106,1.18225,1.17922,1.18052,1.18052,73820
2021-07-18 21:00:00,1.181,1.18246,1.17638,1.17986,1.17986,99736
2021-07-19 21:00:00,1.17997,1.18026,1.17556,1.17808,1.17808,97580
2021-07-20 21:00:00,1.17808,1.18048,1.17518,1.17948,1.17948,78374
2021-07-21 21:00:00,1.17932,1.18306,1.17574,1.17713,1.17713,97664
2021-07-22 21:00:00,1.17702,1.17866,1.17544,1.17717,1.17717,63099
2021-07-25 21:00:00,1.17735,1.18174,1.17635,1.1803,1.1803,75444
2021-07-26 21:00:00,1.18034,1.18412,1.17701,1.18161,1.18161,86652
2021-07-27 21:00:00,1.18173,1.18498,1.17722,1.18425,1.18425,108555
2021-07-28 21:00:00,1.18442,1.18928,1.18406,1.1887,1.1887,71678
2021-07-29 21:00:00,1.18885,1.19088,1.18516,1.18671,1.18671,78609
2021-08-01 21:00:00,1.18623,1.18971,1.1859,1.1872,1.1872,64698
2021-08-02 21:00:00,1.18694,1.18934,1.18536,1.18649,1.18649,64721
2021-08-03 21:00:00,1.18641,1.18998,1.18328,1.18368,1.18368,73509
2021-08-04 21:00:00,1.1837,1.18574,1.1828,1.18324,1.18324,67708
2021-08-05 21:00:00,1.18346,1.18359,1.17544,1.17616,1.17616,75434
2021-08-08 21:00:00,1.17643,1.1769,1.17348,1.17358,1.17358,64204
2021-08-09 21:00:00,1.17366,1.17428,1.17094,1.17206,1.17206,69806
2021-08-10 21:00:00,1.17198,1.1754,1.1706,1.17395,1.17395,75228
2021-08-11 21:00:00,1.17392,1.17483,1.17238,1.17297,1.17297,59584
2021-08-12 21:00:00,1.17306,1.18049,1.17302,1.17954,1.17954,55951
2021-08-15 21:00:00,1.17961,1.18012,1.17675,1.17765,1.17765,60508
2021-08-16 21:00:00,1.17786,1.17849,1.1708,1.17084,1.17084,87414
2021-08-17 21:00:00,1.17104,1.17428,1.16936,1.17106,1.17106,84793
2021-08-17 21:00:00,1.17104,1.17428,1.16936,1.17106,1.17106,84793
2021-08-18 21:00:00,1.171,1.17165,1.16656,1.16762,1.16762,96835
2021-08-19 21:00:00,1.16762,1.17046,1.1664,1.1699,1.1699,65662
2021-08-22 21:00:00,1.1697,1.17504,1.1693,1.1746,1.1746,62294
2021-08-23 21:00:00,1.17458,1.17652,1.17272,1.17573,1.17573,56347
2021-08-24 21:00:00,1.17568,1.17744,1.17262,1.17724,1.17724,62857
2021-08-25 21:00:00,1.17728,1.17791,1.1746,1.17522,1.17522,67025
2021-08-26 21:00:00,1.17518,1.18025,1.1735,1.17944,1.17944,82778
2021-08-29 21:00:00,1.1796,1.18099,1.17828,1.17969,1.17969,45289
2021-08-30 21:00:00,1.17972,1.18452,1.17954,1.18088,1.18088,80680
2021-08-31 21:00:00,1.18098,1.18573,1.17937,1.184,1.184,72453
2021-09-01 21:00:00,1.18416,1.18761,1.18344,1.1875,1.1875,54191
2021-09-02 21:00:00,1.18754,1.19092,1.1866,1.18791,1.18791,79226
2021-09-05 21:00:00,1.18802,1.18864,1.1856,1.18709,1.18709,31814
2021-09-06 21:00:00,1.18705,1.18853,1.18374,1.18422,1.18422,69165
2021-09-07 21:00:00,1.18408,1.18511,1.1802,1.18158,1.18158,75039
2021-09-08 21:00:00,1.18166,1.18414,1.18052,1.18238,1.18238,77555
2021-09-09 21:00:00,1.18252,1.18512,1.18095,1.18107,1.18107,67414
2021-09-12 21:00:00,1.18156,1.18171,1.17701,1.18103,1.18103,64456
2021-09-13 21:00:00,1.1811,1.18459,1.18002,1.1804,1.1804,76763
2021-09-14 21:00:00,1.1808,1.1832,1.17993,1.18158,1.18158,72649
2021-09-15 21:00:00,1.18165,1.18208,1.17505,1.17688,1.17688,77544
2021-09-16 21:00:00,1.17678,1.1789,1.17243,1.17243,1.17243,72387
2021-09-19 21:00:00,1.17319,1.17365,1.17002,1.17267,1.17267,68425
2021-09-20 21:00:00,1.1726,1.17487,1.17148,1.17255,1.17255,74282
2021-09-21 21:00:00,1.17256,1.17556,1.16844,1.1688,1.1688,105085
2021-09-22 21:00:00,1.1689,1.17503,1.16834,1.17388,1.17388,83418
2021-09-23 21:00:00,1.17388,1.17478,1.17008,1.17206,1.17206,60800
2021-09-26 21:00:00,1.17281,1.17281,1.16846,1.16953,1.16953,83802
2021-09-27 21:00:00,1.16989,1.17033,1.16682,1.16834,1.16834,92804
2021-09-28 21:00:00,1.16836,1.16903,1.15894,1.15971,1.15971,89055
2021-09-29 21:00:00,1.1598,1.16098,1.15626,1.15776,1.15776,99241
2021-09-30 21:00:00,1.158,1.16074,1.1563,1.1593,1.1593,89519
2021-10-03 21:00:00,1.1598,1.16402,1.15877,1.16204,1.16204,83508
2021-10-04 21:00:00,1.16199,1.16221,1.15807,1.15978,1.15978,78186
2021-10-05 21:00:00,1.15988,1.16063,1.15291,1.15567,1.15567,94569
2021-10-06 21:00:00,1.15574,1.15724,1.15474,1.15536,1.15536,73718
2021-10-07 21:00:00,1.1554,1.15862,1.15414,1.15744,1.15744,84777
2021-10-10 21:00:00,1.15715,1.15869,1.15491,1.15532,1.15532,56713
2021-10-11 21:00:00,1.15532,1.15702,1.15244,1.15302,1.15302,72813
2021-10-12 21:00:00,1.15306,1.15974,1.15285,1.15958,1.15958,89177
2021-10-13 21:00:00,1.15943,1.16244,1.1584,1.15971,1.15971,62040
2021-10-14 21:00:00,1.15966,1.16188,1.15882,1.1599,1.1599,75852
2021-10-17 21:00:00,1.15931,1.16226,1.15718,1.16112,1.16112,80282
2021-10-18 21:00:00,1.16102,1.16695,1.16086,1.1633,1.1633,71722
2021-10-19 21:00:00,1.16338,1.16586,1.1617,1.1651,1.1651,75103
2021-10-20 21:00:00,1.1652,1.16676,1.16196,1.16249,1.16249,77336
2021-10-21 21:00:00,1.16226,1.16558,1.16214,1.16459,1.16459,74283
2021-10-24 21:00:00,1.16412,1.16654,1.15906,1.16106,1.16106,69608
2021-10-25 21:00:00,1.16076,1.16258,1.15849,1.15964,1.15964,66896
2021-10-26 21:00:00,1.15925,1.16262,1.15848,1.16033,1.16033,89240
2021-10-27 21:00:00,1.16036,1.16923,1.15823,1.1683,1.1683,106125
2021-10-28 21:00:00,1.16831,1.16902,1.15352,1.15619,1.15619,98677
2021-10-31 21:00:00,1.15596,1.1609,1.15461,1.16062,1.16062,70837
2021-11-01 21:00:00,1.16042,1.16136,1.15752,1.15799,1.15799,63708
2021-11-02 21:00:00,1.15788,1.16164,1.15624,1.16117,1.16117,92169
2021-11-03 21:00:00,1.16122,1.16166,1.15282,1.15544,1.15544,83757
2021-11-04 21:00:00,1.15536,1.15736,1.15133,1.15681,1.15681,90285
2021-11-07 22:00:00,1.1559,1.1595,1.15505,1.15872,1.15872,64327
2021-11-08 22:00:00,1.15872,1.16089,1.15698,1.15944,1.15944,79637
2021-11-09 22:00:00,1.15952,1.15956,1.14762,1.14778,1.14778,108882
2021-11-10 22:00:00,1.14788,1.14876,1.1443,1.14493,1.14493,56698
2021-11-11 22:00:00,1.14524,1.14623,1.1433,1.14433,1.14433,68901
2021-11-14 22:00:00,1.14486,1.1464,1.13564,1.13676,1.13676,75797
2021-11-15 22:00:00,1.13699,1.13858,1.13089,1.13204,1.13204,86523
2021-11-16 22:00:00,1.13222,1.13322,1.12637,1.13189,1.13189,84721
2021-11-17 22:00:00,1.132,1.13742,1.13138,1.1373,1.1373,72021
2021-11-18 22:00:00,1.13692,1.13734,1.12498,1.12819,1.12819,104035
2021-11-21 22:00:00,1.12814,1.12905,1.12308,1.12344,1.12344,99650
2021-11-22 22:00:00,1.12374,1.12751,1.1226,1.12492,1.12492,98043
2021-11-23 22:00:00,1.12479,1.12554,1.11862,1.12008,1.12008,97936
2021-11-24 22:00:00,1.11988,1.12298,1.11988,1.12092,1.12092,35058
2021-11-25 22:00:00,1.1208,1.13343,1.12062,1.13102,1.13102,130949
2021-11-28 22:00:00,1.13026,1.13163,1.12584,1.12925,1.12925,104402
2021-11-29 22:00:00,1.12918,1.1383,1.1235,1.13392,1.13392,120148
2021-11-30 22:00:00,1.13398,1.13598,1.13026,1.132,1.132,85936
2021-12-01 22:00:00,1.13188,1.13478,1.12953,1.1301,1.1301,66364
2021-12-02 22:00:00,1.1301,1.13338,1.12666,1.13109,1.13109,82876
2021-12-05 22:00:00,1.1303,1.13133,1.12664,1.12857,1.12857,56070
2021-12-06 22:00:00,1.12859,1.12984,1.12274,1.12686,1.12686,66463
2021-12-07 22:00:00,1.12674,1.13548,1.12666,1.13433,1.13433,76304
2021-12-08 22:00:00,1.13445,1.13462,1.12784,1.12933,1.12933,60257
2021-12-09 22:00:00,1.12914,1.1324,1.12651,1.13178,1.13178,61479
2021-12-12 22:00:00,1.13153,1.13194,1.12602,1.12862,1.12862,55965
2021-12-13 22:00:00,1.12844,1.13238,1.12537,1.12574,1.12574,55054
2021-12-14 22:00:00,1.12584,1.12992,1.12218,1.12948,1.12948,81687
2021-12-15 22:00:00,1.12905,1.13604,1.12812,1.13306,1.13306,76972
2021-12-16 22:00:00,1.13316,1.1349,1.1235,1.1236,1.1236,61481
2021-12-19 22:00:00,1.1238,1.1304,1.12347,1.12766,1.12766,63918
2021-12-20 22:00:00,1.12849,1.13026,1.12608,1.12841,1.12841,54860
2021-12-21 22:00:00,1.12864,1.13425,1.12644,1.13276,1.13276,52085
2021-12-22 22:00:00,1.13265,1.13424,1.12902,1.13275,1.13275,50018
2021-12-23 22:00:00,1.13255,1.13436,1.13037,1.13105,1.13105,21521
2021-12-26 22:00:00,1.13183,1.13346,1.1303,1.13274,1.13274,28776
2021-12-27 22:00:00,1.13296,1.13335,1.12896,1.13084,1.13084,33197
2021-12-28 22:00:00,1.13112,1.1369,1.12738,1.13472,1.13472,51721
2021-12-29 22:00:00,1.13491,1.136,1.12986,1.13258,1.13258,47424
2021-12-30 22:00:00,1.13252,1.13864,1.13034,1.1373,1.1373,39738
2022-01-02 22:00:00,1.13725,1.13795,1.12798,1.12974,1.12974,53951
2022-01-03 22:00:00,1.12965,1.13226,1.12724,1.12864,1.12864,62874
2022-01-04 22:00:00,1.12863,1.13465,1.12772,1.13129,1.13129,66217
2022-01-05 22:00:00,1.1313,1.13318,1.12846,1.12984,1.12984,67886
2022-01-06 22:00:00,1.12967,1.13648,1.129,1.13616,1.13616,60371
2022-01-09 22:00:00,1.13598,1.1361,1.1285,1.1328,1.1328,67355
2022-01-10 22:00:00,1.13268,1.13755,1.1313,1.13693,1.13693,56484
2022-01-11 22:00:00,1.13702,1.14528,1.13548,1.14409,1.14409,65485
2022-01-12 22:00:00,1.14416,1.14818,1.14358,1.14541,1.14541,64389
2022-01-13 22:00:00,1.14561,1.14827,1.13985,1.14154,1.14154,72034
2022-01-16 22:00:00,1.1416,1.14344,1.13918,1.14064,1.14064,38901
2022-01-17 22:00:00,1.14105,1.14216,1.13147,1.13277,1.13277,80534
2022-01-18 22:00:00,1.13235,1.13572,1.13188,1.13422,1.13422,63943
2022-01-19 22:00:00,1.13428,1.1369,1.13032,1.131,1.131,64189
2022-01-20 22:00:00,1.13127,1.13599,1.1301,1.13444,1.13444,62656
2022-01-23 22:00:00,1.13434,1.13466,1.12904,1.13242,1.13242,77433
2022-01-24 22:00:00,1.13268,1.13292,1.12632,1.13016,1.13016,66181
2022-01-25 22:00:00,1.1301,1.13108,1.12353,1.1241,1.1241,77647
2022-01-26 22:00:00,1.12418,1.12434,1.11316,1.11441,1.11441,83147
2022-01-27 22:00:00,1.11473,1.11738,1.11214,1.11492,1.11492,84354
2022-01-30 22:00:00,1.11453,1.12478,1.11382,1.1233,1.1233,76946
2022-01-31 22:00:00,1.12357,1.12789,1.1221,1.12736,1.12736,65545
2022-02-01 22:00:00,1.12712,1.13304,1.12668,1.13055,1.13055,55888
2022-02-02 22:00:00,1.13059,1.14514,1.12672,1.14392,1.14392,101687
2022-02-03 22:00:00,1.14382,1.14839,1.14116,1.14516,1.14516,93059
2022-02-06 22:00:00,1.14615,1.14639,1.14153,1.14416,1.14416,67696
2022-02-07 22:00:00,1.14416,1.14488,1.13962,1.1417,1.1417,58939
2022-02-08 22:00:00,1.14165,1.14478,1.14026,1.14233,1.14233,49379
2022-02-09 22:00:00,1.1425,1.1495,1.13749,1.1428,1.1428,98431
2022-02-10 22:00:00,1.14296,1.14315,1.13298,1.13472,1.13472,112263
2022-02-13 22:00:00,1.13403,1.13692,1.12801,1.13064,1.13064,207542
2022-02-14 22:00:00,1.13064,1.13684,1.13011,1.13586,1.13586,148025
2022-02-15 22:00:00,1.1358,1.1396,1.1345,1.13736,1.13736,135186
2022-02-16 22:00:00,1.13736,1.13863,1.13232,1.13622,1.13622,190160
2022-02-17 22:00:00,1.13625,1.13772,1.1314,1.13237,1.13237,139723
2022-02-20 22:00:00,1.13221,1.13909,1.13066,1.131,1.131,104958
2022-02-21 22:00:00,1.13138,1.1367,1.1288,1.13264,1.13264,179594
2022-02-22 22:00:00,1.1326,1.13592,1.13012,1.13046,1.13046,125757
2022-02-23 22:00:00,1.1308,1.13111,1.11064,1.11938,1.11938,386009
2022-02-24 22:00:00,1.11923,1.12744,1.1166,1.12712,1.12712,231516
2022-02-27 22:00:00,1.12712,1.12712,1.11422,1.12194,1.12194,288216
2022-02-28 22:00:00,1.12182,1.12332,1.10897,1.11231,1.11231,238815
2022-03-01 22:00:00,1.11253,1.11441,1.10575,1.1123,1.1123,272353
2022-03-02 22:00:00,1.11195,1.1122,1.10335,1.10656,1.10656,193718
2022-03-03 22:00:00,1.1064,1.10681,1.08858,1.09376,1.09376,262980
2022-03-06 22:00:00,1.09294,1.09326,1.0806,1.08546,1.08546,351350
2022-03-07 22:00:00,1.08564,1.09584,1.08494,1.08949,1.08949,342990
2022-03-08 22:00:00,1.0901,1.10952,1.08901,1.10769,1.10769,247216
2022-03-09 22:00:00,1.10725,1.11216,1.09762,1.09884,1.09884,310280
2022-03-10 22:00:00,1.0985,1.10436,1.0902,1.0912,1.0912,241632
2022-03-13 21:00:00,1.09228,1.0994,1.09006,1.094,1.094,202367
2022-03-14 21:00:00,1.09464,1.10199,1.09261,1.09522,1.09522,218636
2022-03-15 21:00:00,1.09538,1.1047,1.09486,1.10354,1.10354,279641
2022-03-16 21:00:00,1.1036,1.11376,1.10078,1.10911,1.10911,184186
2022-03-17 21:00:00,1.10928,1.11186,1.1003,1.10512,1.10512,188016
2022-03-20 21:00:00,1.106,1.10704,1.10102,1.1017,1.1017,144994
2022-03-21 21:00:00,1.10165,1.10459,1.0961,1.10298,1.10298,183097
2022-03-22 21:00:00,1.1028,1.10439,1.0964,1.10073,1.10073,155482
2022-03-23 21:00:00,1.10108,1.10138,1.09658,1.09981,1.09981,174754
2022-03-24 21:00:00,1.09985,1.1038,1.09809,1.09847,1.09847,175439
2022-03-27 21:00:00,1.09862,1.09996,1.09446,1.09858,1.09858,198648
2022-03-28 21:00:00,1.09836,1.11374,1.09688,1.10866,1.10866,271881
2022-03-29 21:00:00,1.10872,1.11712,1.10828,1.11588,1.11588,221741
2022-03-30 21:00:00,1.1158,1.11849,1.1061,1.10671,1.10671,225045
2022-03-31 21:00:00,1.10657,1.10764,1.1028,1.10494,1.10494,184628
2022-04-03 21:00:00,1.10401,1.10545,1.09606,1.09714,1.09714,143836
2022-04-04 21:00:00,1.0973,1.09886,1.09,1.09055,1.09055,145973
2022-04-05 21:00:00,1.09055,1.09381,1.08745,1.08964,1.08964,208595
2022-04-06 21:00:00,1.08936,1.09386,1.08646,1.08794,1.08794,172519
2022-04-07 21:00:00,1.08813,1.08918,1.08364,1.08762,1.08762,145104
2022-04-10 21:00:00,1.09182,1.09334,1.08727,1.08835,1.08835,152290
2022-04-11 21:00:00,1.0884,1.0904,1.08214,1.08268,1.08268,191032
2022-04-12 21:00:00,1.08273,1.08943,1.08089,1.0892,1.0892,158919
2022-04-13 21:00:00,1.08841,1.09236,1.07574,1.08282,1.08282,217840
2022-04-14 21:00:00,1.08292,1.08307,1.07968,1.08149,1.08149,97196
2022-04-17 21:00:00,1.08058,1.08218,1.07699,1.07816,1.07816,97663
2022-04-18 21:00:00,1.07797,1.08144,1.07612,1.07886,1.07886,149728
2022-04-19 21:00:00,1.0788,1.08672,1.0784,1.0855,1.0855,176886
2022-04-20 21:00:00,1.08547,1.09364,1.08237,1.08316,1.08316,187261
2022-04-21 21:00:00,1.08369,1.08516,1.07706,1.07974,1.07974,183053
2022-04-24 21:00:00,1.08079,1.08158,1.06968,1.07111,1.07111,237827
2022-04-25 21:00:00,1.07132,1.07387,1.06358,1.06368,1.06368,183770
2022-04-26 21:00:00,1.06372,1.06548,1.05146,1.05586,1.05586,218607
2022-04-27 21:00:00,1.05618,1.0565,1.04713,1.0499,1.0499,260891
2022-04-28 21:00:00,1.04996,1.0593,1.04914,1.05453,1.05453,211355
2022-05-01 21:00:00,1.05543,1.05685,1.04904,1.05076,1.05076,171425
2022-05-02 21:00:00,1.05029,1.05776,1.04922,1.05202,1.05202,173480
2022-05-03 21:00:00,1.05217,1.06312,1.05061,1.06206,1.06206,190100
2022-05-04 21:00:00,1.06227,1.0642,1.04927,1.05396,1.05396,243862
2022-05-05 21:00:00,1.0539,1.0599,1.04828,1.05458,1.05458,285992
2022-05-08 21:00:00,1.05425,1.05926,1.04952,1.05602,1.05602,189504
2022-05-09 21:00:00,1.05594,1.05854,1.05252,1.05299,1.05299,201448
2022-05-10 21:00:00,1.05286,1.05772,1.0502,1.05136,1.05136,237061
2022-05-11 21:00:00,1.05166,1.05294,1.03538,1.0381,1.0381,191082
2022-05-12 21:00:00,1.03781,1.04198,1.03492,1.04072,1.04072,157178
2022-05-15 21:00:00,1.04058,1.04432,1.03892,1.04343,1.04343,135770
2022-05-16 21:00:00,1.04337,1.05558,1.04286,1.05536,1.05536,174703
2022-05-17 21:00:00,1.05492,1.05639,1.04611,1.04626,1.04626,154224
2022-05-18 21:00:00,1.04632,1.06072,1.04616,1.05842,1.05842,215518
2022-05-19 21:00:00,1.05844,1.05994,1.05329,1.05554,1.05554,150461
2022-05-22 21:00:00,1.05648,1.06975,1.05586,1.06912,1.06912,152047
2022-05-23 21:00:00,1.06909,1.07487,1.0661,1.07359,1.07359,169228
2022-05-24 21:00:00,1.07362,1.0739,1.06421,1.06798,1.06798,166318
2022-05-25 21:00:00,1.06819,1.07317,1.06626,1.07302,1.07302,135007
2022-05-26 21:00:00,1.07257,1.07652,1.06968,1.07334,1.07334,124909
2022-05-29 21:00:00,1.07375,1.0787,1.07262,1.078,1.078,85924
2022-05-30 21:00:00,1.07775,1.07798,1.0679,1.07322,1.07322,172416
2022-05-31 21:00:00,1.07348,1.07394,1.06273,1.06518,1.06518,147099
2022-06-01 21:00:00,1.06476,1.07502,1.06451,1.07488,1.07488,111274
2022-06-02 21:00:00,1.07466,1.07646,1.07041,1.07194,1.07194,104425
2022-06-05 21:00:00,1.07222,1.07519,1.06839,1.06958,1.06958,104089
2022-06-06 21:00:00,1.06965,1.07142,1.0652,1.07054,1.07054,133711
2022-06-07 21:00:00,1.07018,1.07486,1.06715,1.07164,1.07164,127759
2022-06-08 21:00:00,1.0718,1.07742,1.06113,1.06188,1.06188,207770
2022-06-09 21:00:00,1.06172,1.06424,1.05059,1.05204,1.05204,192604
2022-06-12 21:00:00,1.05154,1.05203,1.03998,1.04086,1.04086,234511
2022-06-13 21:00:00,1.04081,1.0485,1.0397,1.0417,1.0417,217314
2022-06-14 21:00:00,1.04114,1.05078,1.03593,1.04466,1.04466,204826
2022-06-15 21:00:00,1.04444,1.06014,1.03809,1.05524,1.05524,183417
2022-06-16 21:00:00,1.05496,1.05612,1.04445,1.04938,1.04938,156233
2022-06-19 21:00:00,1.04841,1.0546,1.04746,1.05112,1.05112,85713
2022-06-20 21:00:00,1.05088,1.05826,1.05086,1.05348,1.05348,101517
2022-06-21 21:00:00,1.05358,1.06058,1.04688,1.05688,1.05688,128826
2022-06-22 21:00:00,1.05666,1.05812,1.04829,1.05212,1.05212,151154
2022-06-23 21:00:00,1.0524,1.05712,1.05122,1.05564,1.05564,104806
2022-06-26 21:00:00,1.05571,1.06151,1.05502,1.05823,1.05823,105537
2022-06-27 21:00:00,1.0583,1.06063,1.05032,1.05222,1.05222,117433
2022-06-28 21:00:00,1.05196,1.05356,1.04352,1.04416,1.04416,130636
2022-06-29 21:00:00,1.0441,1.04888,1.03824,1.04834,1.04834,139865
2022-06-30 21:00:00,1.04837,1.04858,1.03655,1.04265,1.04265,145041
2022-07-03 21:00:00,1.04245,1.04629,1.04172,1.04228,1.04228,66012
2022-07-04 21:00:00,1.04234,1.04488,1.02352,1.02652,1.02652,146797
2022-07-05 21:00:00,1.02676,1.02768,1.01615,1.01851,1.01851,158288
2022-07-06 21:00:00,1.01824,1.02212,1.01442,1.01614,1.01614,122991
2022-07-07 21:00:00,1.01639,1.01914,1.00716,1.01854,1.01854,138828
2022-07-10 21:00:00,1.01783,1.01836,1.00337,1.00393,1.00393,119074
2022-07-11 21:00:00,1.004,1.00739,1.0,1.00374,1.00374,140546
2022-07-12 21:00:00,1.00363,1.01224,0.9998,1.0058,1.0058,158173
2022-07-13 21:00:00,1.00595,1.006,0.99522,1.00206,1.00206,167428
2022-07-14 21:00:00,1.0018,1.0098,1.0007,1.00878,1.00878,127690
2022-07-17 21:00:00,1.00853,1.02014,1.00787,1.01444,1.01444,120545
2022-07-18 21:00:00,1.0143,1.02694,1.01196,1.02258,1.02258,135438
2022-07-19 21:00:00,1.02275,1.02734,1.01554,1.0181,1.0181,126659
2022-07-20 21:00:00,1.01784,1.02781,1.01536,1.02304,1.02304,163593
2022-07-21 21:00:00,1.02288,1.02554,1.01298,1.02151,1.02151,142936
2022-07-24 21:00:00,1.02145,1.02579,1.01786,1.02224,1.02224,127680
2022-07-25 21:00:00,1.02195,1.02502,1.01076,1.01174,1.01174,109878
2022-07-26 21:00:00,1.01164,1.02209,1.00968,1.01996,1.01996,124883
2022-07-27 21:00:00,1.0199,1.02346,1.0114,1.01964,1.01964,151022
2022-07-28 21:00:00,1.01968,1.02543,1.0146,1.02266,1.02266,144389
2022-07-31 21:00:00,1.02175,1.02754,1.02056,1.02602,1.02602,122302
2022-08-01 21:00:00,1.02612,1.0294,1.01636,1.0166,1.0166,150140
2022-08-02 21:00:00,1.01657,1.02104,1.01228,1.01692,1.01692,126623
2022-08-03 21:00:00,1.0166,1.02538,1.01542,1.02468,1.02468,112261
2022-08-04 21:00:00,1.02473,1.02523,1.01416,1.01814,1.01814,119098
2022-08-07 21:00:00,1.01755,1.0222,1.01592,1.01936,1.01936,100665
2022-08-08 21:00:00,1.01928,1.02474,1.01887,1.02129,1.02129,82368
2022-08-09 21:00:00,1.0213,1.03688,1.02019,1.02996,1.02996,123712
2022-08-10 21:00:00,1.03006,1.03644,1.02755,1.0324,1.0324,124217
2022-08-11 21:00:00,1.03198,1.03274,1.02384,1.0259,1.0259,106328
2022-08-14 21:00:00,1.02571,1.02683,1.01544,1.01596,1.01596,92291
2022-08-15 21:00:00,1.0162,1.01949,1.01226,1.01709,1.01709,102800
2022-08-16 21:00:00,1.01705,1.02031,1.01454,1.01781,1.01781,114814
2022-08-17 21:00:00,1.01773,1.01932,1.00794,1.00876,1.00876,103709
